1,0,0.00
5,0,0.00
9,0,0.00
13,0,0.00
17,0,0.00
21,0,0.00
25,0,0.00
29,0,0.00
33,0,0.00
37,0,0.00
41,0,0.00
45,0,0.00
49,0,0.00
53,0,0.00
57,0,0.00
61,0,0.00
65,0,0.00
69,0,0.00
73,0,0.00
77,0,0.00
81,0,0.00
85,0,0.00
89,0,0.00
93,0,0.00
97,0,0.00
101,0,0.00
105,0,0.00
109,0,0.00
113,0,0.00
117,0,0.00
121,0,0.00
125,0,0.00
129,0,0.00
133,0,0.00
137,0,0.00
141,0,0.00
145,0,0.00
149,0,0.00
153,0,0.00
157,0,0.00
161,0,0.00
165,0,0.00
169,0,0.00
173,0,0.00
177,0,0.00
181,0,0.00
185,0,0.00
189,0,0.00
193,0,0.00
197,0,0.00
201,0,0.00
205,0,0.00
209,0,0.00
213,0,0.00
217,0,0.00
221,0,0.00
225,0,0.00
229,0,0.00
233,0,0.00
237,0,0.00
241,0,0.00
245,0,0.00
249,0,0.00
253,0,0.00
257,0,0.00
261,0,0.00
265,0,0.00
269,0,0.00
273,0,0.00
277,0,0.00
281,0,0.00
285,0,0.00
289,0,0.00
293,0,0.00
297,0,0.00
301,0,0.00
305,0,0.00
309,0,0.00
313,0,0.00
317,0,0.00
321,0,0.00
325,0,0.00
329,0,0.00
333,0,0.00
337,0,0.00
341,0,0.00
345,0,0.00
349,0,0.00
353,0,0.00
357,0,0.00
361,0,0.00
365,0,0.00
369,0,0.00
373,0,0.00
377,0,0.00
381,0,0.00
385,0,0.00
389,0,0.00
393,0,0.00
397,0,0.00
401,0,0.00
405,0,0.00
409,0,0.00
413,0,0.00
417,0,0.00
421,0,0.00
425,0,0.00
429,0,0.00
433,0,0.00
437,0,0.00
441,0,0.00
445,0,0.00
449,0,0.00
453,0,0.00
457,0,0.00
461,0,0.00
465,0,0.00
469,0,0.00
473,0,0.00
477,0,0.00
481,0,0.00
485,0,0.00
489,0,0.00
493,0,0.00
497,0,0.00
501,0,0.00
505,0,0.00
509,0,0.00
513,0,0.00
517,0,0.00
521,0,0.00
525,0,0.00
529,0,0.00
533,0,0.00
537,0,0.00
541,0,0.00
545,0,0.00
549,0,0.00
553,0,0.00
557,0,0.00
561,0,0.00
565,0,0.00
569,0,0.00
573,0,0.00
577,0,0.00
581,0,0.00
585,0,0.00
589,0,0.00
593,0,0.00
597,0,0.00
601,0,0.00
605,0,0.00
609,0,0.00
613,0,0.00
617,0,0.00
621,0,0.00
625,0,0.00
629,0,0.00
633,0,0.00
637,0,0.00
641,0,0.00
645,0,0.00
649,0,0.00
653,0,0.00
657,0,0.00
661,0,0.00
665,0,0.00
669,0,0.00
673,0,0.00
677,0,0.00
681,0,0.00
685,0,0.00
689,0,0.00
693,0,0.00
697,0,0.00
701,0,0.00
705,0,0.00
709,0,0.00
713,0,0.00
717,0,0.00
721,0,0.00
725,0,0.00
729,0,0.00
733,0,0.00
737,0,0.00
741,0,0.00
745,0,0.00
749,0,0.00
753,0,0.00
757,0,0.00
761,0,0.00
765,0,0.00
769,0,0.00
773,0,0.00
777,0,0.00
781,0,0.00
785,0,0.00
789,0,0.00
793,0,0.00
797,0,0.00
801,0,0.00
805,0,0.00
809,0,0.00
813,0,0.00
817,0,0.00
821,0,0.00
825,0,0.00
829,0,0.00
833,0,0.00
837,0,0.00
841,0,0.00
845,0,0.00
849,0,0.00
853,0,0.00
857,0,0.00
861,0,0.00
865,0,0.00
869,0,0.00
873,0,0.00
877,0,0.00
881,0,0.00
885,0,0.00
889,0,0.00
893,0,0.00
897,0,0.00
901,0,0.00
905,0,0.00
909,0,0.00
913,0,0.00
917,0,0.00
921,0,0.00
925,0,0.00
929,0,0.00
933,0,0.00
937,0,0.00
941,0,0.00
945,0,0.00
949,0,0.00
953,0,0.00
957,0,0.00
961,0,0.00
965,0,0.00
969,0,0.00
973,0,0.00
977,0,0.00
981,0,0.00
985,0,0.00
989,0,0.00
993,0,0.00
997,0,0.00
1001,0,0.00
1005,0,0.00
1009,0,0.00
1013,0,0.00
1017,0,0.00
1021,0,0.00
1025,0,0.00
1029,0,0.00
1033,0,0.00
1037,0,0.00
1041,0,0.00
1045,0,0.00
1049,0,0.00
1053,0,0.00
1057,0,0.00
1061,0,0.00
1065,0,0.00
1069,0,0.00
1073,0,0.00
1077,0,0.00
1081,0,0.00
1085,0,0.00
1089,0,0.00
1093,0,0.00
1097,0,0.00
1101,0,0.00
1105,0,0.00
1109,0,0.00
1113,0,0.00
1117,0,0.00
1121,0,0.00
1125,0,0.00
1129,0,0.00
1133,0,0.00
1137,0,0.00
1141,0,0.00
1145,0,0.00
1149,0,0.00
1153,0,0.00
1157,0,0.00
1161,0,0.00
1165,0,0.00
1169,0,0.00
1173,0,0.00
1177,0,0.00
1181,0,0.00
1185,0,0.00
1189,0,0.00
1193,0,0.00
1197,0,0.00
1201,0,0.00
1205,0,0.00
1209,0,0.00
1213,0,0.00
1217,0,0.00
1221,0,0.00
1225,0,0.00
1229,0,0.00
1233,0,0.00
1237,0,0.00
1241,0,0.00
1245,0,0.00
1249,0,0.00
1253,0,0.00
1257,0,0.00
1261,0,0.00
1265,0,0.00
1269,0,0.00
1273,0,0.00
1277,0,0.00
1281,0,0.00
1285,0,0.00
1289,0,0.00
1293,0,0.00
1297,0,0.00
1301,0,0.00
1305,0,0.00
1309,0,0.00
1313,0,0.00
1317,0,0.00
1321,0,0.00
1325,0,0.00
1329,0,0.00
1333,0,0.00
1337,0,0.00
1341,0,0.00
1345,0,0.00
1349,0,0.00
1353,0,0.00
1357,0,0.00
1361,0,0.00
1365,0,0.00
1369,0,0.00
1373,0,0.00
1377,0,0.00
1381,0,0.00
1385,0,0.00
1389,0,0.00
1393,0,0.00
1397,0,0.00
1401,0,0.00
1405,0,0.00
1409,0,0.00
1413,0,0.00
1417,0,0.00
1421,0,0.00
1425,0,0.00
1429,0,0.00
1433,0,0.00
1437,0,0.00
1441,0,0.00
1445,0,0.00
1449,0,0.00
1453,0,0.00
1457,0,0.00
1461,0,0.00
1465,0,0.00
1469,0,0.00
1473,0,0.00
1477,0,0.00
1481,0,0.00
1485,0,0.00
1489,0,0.00
1493,0,0.00
1497,0,0.00
1501,0,0.00
1505,0,0.00
1509,0,0.00
1513,0,0.00
1517,0,0.00
1521,0,0.00
1525,0,0.00
1529,0,0.00
1533,0,0.00
1537,0,0.00
1541,0,0.00
1545,0,0.00
1549,0,0.00
1553,0,0.00
1557,0,0.00
1561,0,0.00
1565,0,0.00
1569,0,0.00
1573,0,0.00
1577,0,0.00
1581,0,0.00
1585,0,0.00
1589,0,0.00
1593,0,0.00
1597,0,0.00
1601,0,0.00
1605,0,0.00
1609,0,0.00
1613,0,0.00
1617,0,0.00
1621,0,0.00
1625,0,0.00
1629,0,0.00
1633,0,0.00
1637,0,0.00
1641,0,0.00
1645,0,0.00
1649,0,0.00
1653,0,0.00
1657,0,0.00
1661,0,0.00
1665,0,0.00
1669,0,0.00
1673,0,0.00
1677,0,0.00
1681,0,0.00
1685,0,0.00
1689,0,0.00
1693,0,0.00
1697,0,0.00
1701,0,0.00
1705,0,0.00
1709,0,0.00
1713,0,0.00
1717,0,0.00
1721,0,0.00
1725,0,0.00
1729,0,0.00
1733,0,0.00
1737,0,0.00
1741,0,0.00
1745,0,0.00
1749,0,0.00
1753,0,0.00
1757,0,0.00
1761,0,0.00
1765,0,0.00
1769,0,0.00
1773,0,0.00
1777,0,0.00
1781,0,0.00
1785,0,0.00
1789,0,0.00
1793,0,0.00
1797,0,0.00
1801,0,0.00
1805,0,0.00
1809,0,0.00
1813,0,0.00
1817,0,0.00
1821,0,0.00
1825,0,0.00
1829,0,0.00
1833,0,0.00
1837,0,0.00
1841,0,0.00
1845,0,0.00
1849,0,0.00
1853,0,0.00
1857,0,0.00
1861,0,0.00
1865,0,0.00
1869,0,0.00
1873,0,0.00
1877,0,0.00
1881,0,0.00
1885,0,0.00
1889,0,0.00
1893,0,0.00
1897,0,0.00
1901,0,0.00
1905,0,0.00
1909,0,0.00
1913,0,0.00
1917,0,0.00
1921,0,0.00
1925,0,0.00
1929,0,0.00
1933,0,0.00
1937,0,0.00
1941,0,0.00
1945,0,0.00
1949,0,0.00
1953,0,0.00
1957,0,0.00
1961,0,0.00
1965,0,0.00
1969,0,0.00
1973,0,0.00
1977,0,0.00
1981,0,0.00
1985,0,0.00
1989,0,0.00
1993,0,0.00
1997,0,0.00
2001,0,0.00
2005,20,0.00
2009,20,0.00
2013,20,0.00
2017,20,0.00
2021,20,0.00
2025,20,0.00
2029,20,0.00
2033,20,0.00
2037,20,0.00
2041,20,0.00
2045,20,0.00
2049,20,0.00
2053,20,0.00
2057,20,0.00
2061,20,0.00
2065,20,0.00
2069,20,0.00
2073,20,0.00
2077,20,0.00
2081,20,0.00
2085,20,0.00
2089,20,0.00
2093,20,0.00
2097,20,0.00
2101,20,0.00
2105,20,750.00
2109,20,0.00
2113,20,4500.00
2117,20,0.00
2121,20,0.00
2125,20,0.00
2129,20,0.00
2133,20,0.00
2137,20,3000.00
2141,20,0.00
2145,20,2250.00
2149,20,0.00
2153,20,0.00
2157,20,0.00
2161,20,1500.00
2165,20,0.00
2169,20,0.00
2173,20,2250.00
2177,20,0.00
2181,20,0.00
2185,20,0.00
2189,20,1500.00
2193,20,1500.00
2197,20,0.00
2201,20,0.00
2205,20,750.00
2209,20,750.00
2213,20,0.00
2217,20,750.00
2221,20,0.00
2225,20,0.00
2229,20,750.00
2233,20,0.00
2237,20,750.00
2241,20,1500.00
2245,20,0.00
2249,20,750.00
2253,20,0.00
2257,20,750.00
2261,20,0.00
2265,20,750.00
2269,20,0.00
2273,20,750.00
2277,20,750.00
2281,20,0.00
2285,20,750.00
2289,20,750.00
2293,20,0.00
2297,20,750.00
2301,20,750.00
2305,20,750.00
2309,20,750.00
2313,20,750.00
2317,20,0.00
2321,20,6750.00
2325,20,0.00
2329,20,0.00
2333,20,0.00
2337,20,0.00
2341,20,0.00
2345,20,0.00
2349,20,0.00
2353,20,0.00
2357,20,0.00
2361,20,0.00
2365,20,0.00
2369,20,0.00
2373,20,0.00
2377,20,2250.00
2381,20,750.00
2385,20,750.00
2389,20,1500.00
2393,20,750.00
2397,20,1500.00
2401,20,750.00
2405,20,1500.00
2409,20,750.00
2413,20,750.00
2417,20,1500.00
2421,20,750.00
2425,20,1500.00
2429,20,750.00
2433,20,1500.00
2437,20,1500.00
2441,20,1500.00
2445,20,750.00
2449,20,3000.00
2453,20,0.00
2457,20,0.00
2461,20,0.00
2465,20,0.00
2469,20,0.00
2473,20,0.00
2477,20,0.00
2481,20,2250.00
2485,20,750.00
2489,20,1500.00
2493,20,1500.00
2497,20,1500.00
2501,20,1500.00
2505,20,1500.00
2509,20,1500.00
2513,20,1500.00
2517,20,750.00
2521,20,1500.00
2525,20,1500.00
2529,20,1500.00
2533,20,1500.00
2537,20,2250.00
2541,20,0.00
2545,20,0.00
2549,20,0.00
2553,20,0.00
2557,20,0.00
2561,20,750.00
2565,20,1500.00
2569,20,1500.00
2573,20,2250.00
2577,20,1500.00
2581,20,1500.00
2585,20,1500.00
2589,20,2250.00
2593,20,1500.00
2597,20,1500.00
2601,20,2250.00
2605,20,1500.00
2609,20,2250.00
2613,20,0.00
2617,20,0.00
2621,20,0.00
2625,20,0.00
2629,20,0.00
2633,20,1500.00
2637,20,2250.00
2641,20,2250.00
2645,20,1500.00
2649,20,2250.00
2653,20,2250.00
2657,20,1500.00
2661,20,2250.00
2665,20,2250.00
2669,20,1500.00
2673,20,2250.00
2677,20,0.00
2681,20,0.00
2685,20,0.00
2689,20,0.00
2693,20,1500.00
2697,20,2250.00
2701,20,2250.00
2705,20,1500.00
2709,20,2250.00
2713,20,2250.00
2717,20,2250.00
2721,20,2250.00
2725,20,1500.00
2729,20,3750.00
2733,20,0.00
2737,20,0.00
2741,20,0.00
2745,20,0.00
2749,20,1500.00
2753,20,1500.00
2757,20,2250.00
2761,20,2250.00
2765,20,2250.00
2769,20,2250.00
2773,20,2250.00
2777,20,2250.00
2781,20,3000.00
2785,20,2250.00
2789,20,0.00
2793,20,0.00
2797,20,0.00
2801,20,0.00
2805,20,3000.00
2809,20,1500.00
2813,20,3000.00
2817,20,2250.00
2821,20,2250.00
2825,20,2250.00
2829,20,3000.00
2833,20,2250.00
2837,20,1500.00
2841,20,0.00
2845,20,0.00
2849,20,0.00
2853,20,1500.00
2857,20,2250.00
2861,20,2250.00
2865,20,2250.00
2869,20,3000.00
2873,20,2250.00
2877,20,3000.00
2881,20,2250.00
2885,20,3000.00
2889,20,0.00
2893,20,0.00
2897,20,0.00
2901,20,1500.00
2905,20,1500.00
2909,20,3000.00
2913,20,2250.00
2917,20,3000.00
2921,20,2250.00
2925,20,3000.00
2929,20,3000.00
2933,20,1500.00
2937,20,0.00
2941,20,0.00
2945,20,0.00
2949,20,1500.00
2953,20,3000.00
2957,20,2250.00
2961,20,3000.00
2965,20,2250.00
2969,20,3000.00
2973,20,3000.00
2977,20,2250.00
2981,20,1500.00
2985,20,0.00
2989,20,0.00
2993,20,750.00
2997,20,2250.00
3001,20,3000.00
3005,20,3000.00
3009,20,2250.00
3013,20,3000.00
3017,20,3000.00
3021,20,2250.00
3025,20,2250.00
3029,20,0.00
3033,20,0.00
3037,20,0.00
3041,20,3000.00
3045,20,3000.00
3049,20,2250.00
3053,20,3000.00
3057,20,3000.00
3061,20,3000.00
3065,20,2250.00
3069,20,2250.00
3073,20,0.00
3077,20,0.00
3081,20,0.00
3085,20,3000.00
3089,20,3000.00
3093,20,3000.00
3097,20,3000.00
3101,20,3000.00
3105,20,3000.00
3109,20,3000.00
3113,20,0.00
3117,20,0.00
3121,20,0.00
3125,20,1500.00
3129,20,3000.00
3133,20,2250.00
3137,20,3000.00
3141,20,3000.00
3145,20,3000.00
3149,20,3000.00
3153,20,3000.00
3157,20,0.00
3161,20,0.00
3165,20,0.00
3169,20,3000.00
3173,20,2250.00
3177,20,3000.00
3181,20,3000.00
3185,20,3000.00
3189,20,3000.00
3193,20,2250.00
3197,20,2250.00
3201,20,0.00
3205,20,0.00
3209,20,1500.00
3213,20,3000.00
3217,20,2250.00
3221,20,3000.00
3225,20,3000.00
3229,20,3000.00
3233,20,3000.00
3237,20,3000.00
3241,20,0.00
3245,20,0.00
3249,20,0.00
3253,20,3000.00
3257,20,3000.00
3261,20,3000.00
3265,20,3000.00
3269,20,3000.00
3273,20,3000.00
3277,20,3000.00
3281,20,0.00
3285,20,0.00
3289,20,0.00
3293,20,2250.00
3297,20,2250.00
3301,20,3750.00
3305,20,3000.00
3309,20,3000.00
3313,20,2250.00
3317,20,3000.00
3321,20,1500.00
3325,20,0.00
3329,20,0.00
3333,20,1500.00
3337,20,3000.00
3341,20,2250.00
3345,20,3000.00
3349,20,3000.00
3353,20,3000.00
3357,20,3750.00
3361,20,1500.00
3365,20,0.00
3369,20,0.00
3373,20,0.00
3377,20,3000.00
3381,20,3000.00
3385,20,3750.00
3389,20,3000.00
3393,20,2250.00
3397,20,3000.00
3401,20,3750.00
3405,20,0.00
3409,20,0.00
3413,20,0.00
3417,20,3000.00
3421,20,3000.00
3425,20,3000.00
3429,20,3000.00
3433,20,3000.00
3437,20,3000.00
3441,20,3000.00
3445,20,0.00
3449,20,0.00
3453,20,0.00
3457,20,2250.00
3461,20,2250.00
3465,20,3750.00
3469,20,3000.00
3473,20,3000.00
3477,20,3000.00
3481,20,2250.00
3485,20,1500.00
3489,20,0.00
3493,20,0.00
3497,20,1500.00
3501,20,3000.00
3505,20,3000.00
3509,20,3000.00
3513,20,3000.00
3517,20,3000.00
3521,20,3000.00
3525,20,1500.00
3529,20,0.00
3533,20,0.00
3537,20,750.00
3541,20,3000.00
3545,20,3000.00
3549,20,3000.00
3553,20,3000.00
3557,20,3000.00
3561,20,3000.00
3565,20,2250.00
3569,20,0.00
3573,20,0.00
3577,20,0.00
3581,20,3000.00
3585,20,3000.00
3589,20,3000.00
3593,20,3000.00
3597,20,3000.00
3601,20,3000.00
3605,20,3000.00
3609,20,0.00
3613,20,0.00
3617,20,0.00
3621,20,3000.00
3625,20,3000.00
3629,20,2250.00
3633,20,3000.00
3637,20,3000.00
3641,20,3000.00
3645,20,3750.00
3649,20,0.00
3653,20,0.00
3657,20,0.00
3661,20,1500.00
3665,20,3000.00
3669,20,3750.00
3673,20,3000.00
3677,20,3000.00
3681,20,3000.00
3685,20,2250.00
3689,20,1500.00
3693,20,0.00
3697,20,0.00
3701,20,1500.00
3705,20,3000.00
3709,20,3000.00
3713,20,3000.00
3717,20,3000.00
3721,20,3000.00
3725,20,3000.00
3729,20,1500.00
3733,20,0.00
3737,20,0.00
3741,20,750.00
3745,20,3000.00
3749,20,3000.00
3753,20,3000.00
3757,20,3000.00
3761,20,3000.00
3765,20,3000.00
3769,20,2250.00
3773,20,0.00
3777,20,0.00
3781,20,0.00
3785,20,3000.00
3789,20,3000.00
3793,20,3000.00
3797,20,3000.00
3801,20,3000.00
3805,20,3000.00
3809,20,3000.00
3813,20,0.00
3817,20,0.00
3821,20,0.00
3825,20,2250.00
3829,20,3000.00
3833,20,3000.00
3837,20,3000.00
3841,20,3000.00
3845,20,3000.00
3849,20,3750.00
3853,20,0.00
3857,20,0.00
3861,20,0.00
3865,20,1500.00
3869,20,3000.00
3873,20,3000.00
3877,20,3750.00
3881,20,3000.00
3885,20,2250.00
3889,20,3000.00
3893,20,1500.00
3897,20,0.00
3901,20,0.00
3905,20,1500.00
3909,20,3000.00
3913,20,3000.00
3917,20,3000.00
3921,20,3000.00
3925,20,3000.00
3929,20,3000.00
3933,20,1500.00
3937,20,0.00
3941,20,0.00
3945,20,750.00
3949,20,3000.00
3953,20,3000.00
3957,20,3000.00
3961,20,3000.00
3965,20,3000.00
3969,20,3000.00
3973,20,3000.00
3977,20,0.00
3981,20,0.00
3985,20,0.00
3989,20,3000.00
3993,20,3000.00
3997,20,3000.00
4001,40,3000.00
4005,40,3000.00
4009,40,3000.00
4013,40,3000.00
4017,40,0.00
4021,40,0.00
4025,40,750.00
4029,40,3750.00
4033,40,3000.00
4037,40,3750.00
4041,40,3750.00
4045,40,3000.00
4049,40,3000.00
4053,40,0.00
4057,40,0.00
4061,40,3000.00
4065,40,3750.00
4069,40,3750.00
4073,40,4500.00
4077,40,3750.00
4081,40,2250.00
4085,40,0.00
4089,40,0.00
4093,40,4500.00
4097,40,4500.00
4101,40,4500.00
4105,40,4500.00
4109,40,3750.00
4113,40,0.00
4117,40,0.00
4121,40,4500.00
4125,40,4500.00
4129,40,4500.00
4133,40,4500.00
4137,40,3000.00
4141,40,0.00
4145,40,1500.00
4149,40,5250.00
4153,40,4500.00
4157,40,5250.00
4161,40,5250.00
4165,40,0.00
4169,40,0.00
4173,40,5250.00
4177,40,5250.00
4181,40,4500.00
4185,40,5250.00
4189,40,750.00
4193,40,0.00
4197,40,4500.00
4201,40,6000.00
4205,40,5250.00
4209,40,5250.00
4213,40,0.00
4217,40,750.00
4221,40,5250.00
4225,40,5250.00
4229,40,5250.00
4233,40,4500.00
4237,40,0.00
4241,40,2250.00
4245,40,5250.00
4249,40,6000.00
4253,40,5250.00
4257,40,2250.00
4261,40,0.00
4265,40,4500.00
4269,40,6000.00
4273,40,6000.00
4277,40,4500.00
4281,40,0.00
4285,40,3000.00
4289,40,5250.00
4293,40,6000.00
4297,40,5250.00
4301,40,1500.00
4305,40,1500.00
4309,40,5250.00
4313,40,6000.00
4317,40,6000.00
4321,40,2250.00
4325,40,0.00
4329,40,6000.00
4333,40,6000.00
4337,40,6000.00
4341,40,3000.00
4345,40,0.00
4349,40,5250.00
4353,40,6000.00
4357,40,6000.00
4361,40,3750.00
4365,40,0.00
4369,40,5250.00
4373,40,6000.00
4377,40,6000.00
4381,40,3750.00
4385,40,0.00
4389,40,6000.00
4393,40,6000.00
4397,40,6000.00
4401,40,3000.00
4405,40,0.00
4409,40,6750.00
4413,40,6000.00
4417,40,6750.00
4421,40,1500.00
4425,40,1500.00
4429,40,6000.00
4433,40,6750.00
4437,40,6750.00
4441,40,0.00
4445,40,3000.00
4449,40,6000.00
4453,40,6750.00
4457,40,5250.00
4461,40,0.00
4465,40,4500.00
4469,40,6750.00
4473,40,6750.00
4477,40,3000.00
4481,40,0.00
4485,40,6750.00
4489,40,6750.00
4493,40,6750.00
4497,40,750.00
4501,40,3000.00
4505,40,6750.00
4509,40,6750.00
4513,40,4500.00
4517,40,0.00
4521,40,6000.00
4525,40,6750.00
4529,40,6750.00
4533,40,1500.00
4537,40,2250.00
4541,40,6750.00
4545,40,6750.00
4549,40,5250.00
4553,40,0.00
4557,40,5250.00
4561,40,6750.00
4565,40,7500.00
4569,40,1500.00
4573,40,2250.00
4577,40,6750.00
4581,40,6750.00
4585,40,5250.00
4589,40,0.00
4593,40,6000.00
4597,40,6750.00
4601,40,6750.00
4605,40,1500.00
4609,40,3000.00
4613,40,6750.00
4617,40,6750.00
4621,40,4500.00
4625,40,0.00
4629,40,6750.00
4633,40,7500.00
4637,40,6750.00
4641,40,0.00
4645,40,4500.00
4649,40,6750.00
4653,40,6750.00
4657,40,3000.00
4661,40,1500.00
4665,40,6750.00
4669,40,7500.00
4673,40,5250.00
4677,40,0.00
4681,40,6000.00
4685,40,7500.00
4689,40,6750.00
4693,40,750.00
4697,40,3750.00
4701,40,7500.00
4705,40,6750.00
4709,40,3000.00
4713,40,1500.00
4717,40,7500.00
4721,40,6750.00
4725,40,5250.00
4729,40,0.00
4733,40,6750.00
4737,40,7500.00
4741,40,6750.00
4745,40,0.00
4749,40,4500.00
4753,40,7500.00
4757,40,6750.00
4761,40,2250.00
4765,40,3000.00
4769,40,6750.00
4773,40,7500.00
4777,40,3750.00
4781,40,1500.00
4785,40,6750.00
4789,40,7500.00
4793,40,5250.00
4797,40,0.00
4801,40,6000.00
4805,40,7500.00
4809,40,7500.00
4813,40,0.00
4817,40,4500.00
4821,40,7500.00
4825,40,7500.00
4829,40,1500.00
4833,40,3000.00
4837,40,7500.00
4841,40,7500.00
4845,40,3000.00
4849,40,1500.00
4853,40,7500.00
4857,40,7500.00
4861,40,4500.00
4865,40,0.00
4869,40,7500.00
4873,40,7500.00
4877,40,6000.00
4881,40,0.00
4885,40,6000.00
4889,40,7500.00
4893,40,7500.00
4897,40,0.00
4901,40,4500.00
4905,40,8250.00
4909,40,6750.00
4913,40,1500.00
4917,40,3750.00
4921,40,7500.00
4925,40,7500.00
4929,40,2250.00
4933,40,3000.00
4937,40,6750.00
4941,40,7500.00
4945,40,3750.00
4949,40,1500.00
4953,40,7500.00
4957,40,7500.00
4961,40,4500.00
4965,40,750.00
4969,40,7500.00
4973,40,7500.00
4977,40,5250.00
4981,40,0.00
4985,40,6750.00
4989,40,7500.00
4993,40,6750.00
4997,40,0.00
5001,40,6000.00
5005,40,7500.00
5009,40,7500.00
5013,40,0.00
5017,40,5250.00
5021,40,7500.00
5025,40,7500.00
5029,40,750.00
5033,40,4500.00
5037,40,7500.00
5041,40,7500.00
5045,40,1500.00
5049,40,3750.00
5053,40,7500.00
5057,40,7500.00
5061,40,2250.00
5065,40,3000.00
5069,40,8250.00
5073,40,6750.00
5077,40,3000.00
5081,40,3000.00
5085,40,7500.00
5089,40,7500.00
5093,40,3000.00
5097,40,2250.00
5101,40,7500.00
5105,40,7500.00
5109,40,3750.00
5113,40,1500.00
5117,40,7500.00
5121,40,7500.00
5125,40,4500.00
5129,40,1500.00
5133,40,7500.00
5137,40,7500.00
5141,40,4500.00
5145,40,750.00
5149,40,7500.00
5153,40,7500.00
5157,40,5250.00
5161,40,0.00
5165,40,8250.00
5169,40,7500.00
5173,40,5250.00
5177,40,0.00
5181,40,7500.00
5185,40,7500.00
5189,40,6000.00
5193,40,0.00
5197,40,7500.00
5201,40,7500.00
5205,40,6000.00
5209,40,0.00
5213,40,6750.00
5217,40,7500.00
5221,40,6750.00
5225,40,0.00
5229,40,6750.00
5233,40,7500.00
5237,40,6750.00
5241,40,0.00
5245,40,6000.00
5249,40,8250.00
5253,40,6750.00
5257,40,0.00
5261,40,6000.00
5265,40,8250.00
5269,40,6750.00
5273,40,0.00
5277,40,6000.00
5281,40,7500.00
5285,40,7500.00
5289,40,0.00
5293,40,6000.00
5297,40,7500.00
5301,40,7500.00
5305,40,0.00
5309,40,6000.00
5313,40,7500.00
5317,40,7500.00
5321,40,0.00
5325,40,5250.00
5329,40,8250.00
5333,40,7500.00
5337,40,0.00
5341,40,5250.00
5345,40,7500.00
5349,40,8250.00
5353,40,0.00
5357,40,5250.00
5361,40,7500.00
5365,40,8250.00
5369,40,0.00
5373,40,5250.00
5377,40,7500.00
5381,40,7500.00
5385,40,750.00
5389,40,4500.00
5393,40,8250.00
5397,40,7500.00
5401,40,750.00
5405,40,4500.00
5409,40,8250.00
5413,40,6750.00
5417,40,1500.00
5421,40,4500.00
5425,40,8250.00
5429,40,6750.00
5433,40,1500.00
5437,40,4500.00
5441,40,8250.00
5445,40,6750.00
5449,40,1500.00
5453,40,4500.00
5457,40,8250.00
5461,40,6750.00
5465,40,1500.00
5469,40,4500.00
5473,40,8250.00
5477,40,6750.00
5481,40,1500.00
5485,40,4500.00
5489,40,8250.00
5493,40,6750.00
5497,40,1500.00
5501,40,4500.00
5505,40,8250.00
5509,40,6750.00
5513,40,1500.00
5517,40,4500.00
5521,40,8250.00
5525,40,7500.00
5529,40,750.00
5533,40,4500.00
5537,40,8250.00
5541,40,7500.00
5545,40,750.00
5549,40,5250.00
5553,40,7500.00
5557,40,8250.00
5561,40,0.00
5565,40,5250.00
5569,40,7500.00
5573,40,8250.00
5577,40,0.00
5581,40,5250.00
5585,40,7500.00
5589,40,8250.00
5593,40,0.00
5597,40,5250.00
5601,40,7500.00
5605,40,8250.00
5609,40,0.00
5613,40,6000.00
5617,40,7500.00
5621,40,7500.00
5625,40,0.00
5629,40,6000.00
5633,40,7500.00
5637,40,7500.00
5641,40,0.00
5645,40,6000.00
5649,40,7500.00
5653,40,7500.00
5657,40,0.00
5661,40,6000.00
5665,40,8250.00
5669,40,6750.00
5673,40,0.00
5677,40,6000.00
5681,40,8250.00
5685,40,6750.00
5689,40,0.00
5693,40,6750.00
5697,40,7500.00
5701,40,6750.00
5705,40,0.00
5709,40,6750.00
5713,40,8250.00
5717,40,6000.00
5721,40,0.00
5725,40,7500.00
5729,40,7500.00
5733,40,6000.00
5737,40,0.00
5741,40,7500.00
5745,40,7500.00
5749,40,6000.00
5753,40,0.00
5757,40,8250.00
5761,40,7500.00
5765,40,5250.00
5769,40,0.00
5773,40,8250.00
5777,40,7500.00
5781,40,5250.00
5785,40,1500.00
5789,40,7500.00
5793,40,7500.00
5797,40,4500.00
5801,40,1500.00
5805,40,7500.00
5809,40,8250.00
5813,40,3750.00
5817,40,2250.00
5821,40,7500.00
5825,40,7500.00
5829,40,3750.00
5833,40,2250.00
5837,40,8250.00
5841,40,7500.00
5845,40,3000.00
5849,40,3000.00
5853,40,8250.00
5857,40,7500.00
5861,40,2250.00
5865,40,3750.00
5869,40,7500.00
5873,40,8250.00
5877,40,1500.00
5881,40,4500.00
5885,40,7500.00
5889,40,7500.00
5893,40,1500.00
5897,40,4500.00
5901,40,8250.00
5905,40,8250.00
5909,40,0.00
5913,40,5250.00
5917,40,8250.00
5921,40,7500.00
5925,40,0.00
5929,40,6000.00
5933,40,8250.00
5937,40,6750.00
5941,40,0.00
5945,40,6750.00
5949,40,7500.00
5953,40,6750.00
5957,40,0.00
5961,40,7500.00
5965,40,7500.00
5969,40,6000.00
5973,40,0.00
5977,40,8250.00
5981,40,7500.00
5985,40,5250.00
5989,40,750.00
5993,40,7500.00
5997,40,8250.00
6001,60,4500.00
6005,60,1500.00
6009,60,7500.00
6013,60,8250.00
6017,60,3750.00
6021,60,2250.00
6025,60,7500.00
6029,60,8250.00
6033,60,3000.00
6037,60,3750.00
6041,60,7500.00
6045,60,8250.00
6049,60,1500.00
6053,60,4500.00
6057,60,8250.00
6061,60,8250.00
6065,60,0.00
6069,60,6750.00
6073,60,8250.00
6077,60,6000.00
6081,60,1500.00
6085,60,7500.00
6089,60,8250.00
6093,60,3750.00
6097,60,3000.00
6101,60,8250.00
6105,60,8250.00
6109,60,1500.00
6113,60,6000.00
6117,60,8250.00
6121,60,6750.00
6125,60,0.00
6129,60,8250.00
6133,60,9000.00
6137,60,3750.00
6141,60,3000.00
6145,60,9000.00
6149,60,7500.00
6153,60,1500.00
6157,60,6750.00
6161,60,8250.00
6165,60,6000.00
6169,60,1500.00
6173,60,8250.00
6177,60,9000.00
6181,60,2250.00
6185,60,5250.00
6189,60,8250.00
6193,60,7500.00
6197,60,0.00
6201,60,9000.00
6205,60,9000.00
6209,60,3000.00
6213,60,4500.00
6217,60,8250.00
6221,60,8250.00
6225,60,0.00
6229,60,8250.00
6233,60,9000.00
6237,60,3750.00
6241,60,4500.00
6245,60,8250.00
6249,60,8250.00
6253,60,0.00
6257,60,9000.00
6261,60,9000.00
6265,60,3000.00
6269,60,4500.00
6273,60,9000.00
6277,60,7500.00
6281,60,1500.00
6285,60,8250.00
6289,60,9000.00
6293,60,2250.00
6297,60,6000.00
6301,60,9000.00
6305,60,6000.00
6309,60,2250.00
6313,60,9000.00
6317,60,8250.00
6321,60,1500.00
6325,60,7500.00
6329,60,9000.00
6333,60,4500.00
6337,60,3750.00
6341,60,9000.00
6345,60,8250.00
6349,60,0.00
6353,60,9750.00
6357,60,9000.00
6361,60,2250.00
6365,60,6000.00
6369,60,9750.00
6373,60,5250.00
6377,60,3000.00
6381,60,9000.00
6385,60,9000.00
6389,60,0.00
6393,60,9000.00
6397,60,9000.00
6401,60,3000.00
6405,60,6000.00
6409,60,9000.00
6413,60,6000.00
6417,60,3000.00
6421,60,9000.00
6425,60,9000.00
6429,60,0.00
6433,60,9000.00
6437,60,9000.00
6441,60,3000.00
6445,60,6000.00
6449,60,9750.00
6453,60,5250.00
6457,60,3750.00
6461,60,9000.00
6465,60,8250.00
6469,60,1500.00
6473,60,8250.00
6477,60,9750.00
6481,60,1500.00
6485,60,7500.00
6489,60,9750.00
6493,60,3750.00
6497,60,4500.00
6501,60,9750.00
6505,60,6750.00
6509,60,2250.00
6513,60,9750.00
6517,60,9000.00
6521,60,0.00
6525,60,10500.00
6529,60,9000.00
6533,60,2250.00
6537,60,8250.00
6541,60,9750.00
6545,60,4500.00
6549,60,5250.00
6553,60,9750.00
6557,60,6750.00
6561,60,7500.00
6565,60,9000.00
6569,60,9000.00
6573,60,0.00
6577,60,8250.00
6581,60,9750.00
6585,60,1500.00
6589,60,6750.00
6593,60,9000.00
6597,60,4500.00
6601,60,4500.00
6605,60,9750.00
6609,60,6000.00
6613,60,2250.00
6617,60,9750.00
6621,60,8250.00
6625,60,0.00
6629,60,9750.00
6633,60,9750.00
6637,60,0.00
6641,60,8250.00
6645,60,9750.00
6649,60,1500.00
6653,60,6000.00
6657,60,9750.00
6661,60,3750.00
6665,60,4500.00
6669,60,9750.00
6673,60,5250.00
6677,60,3000.00
6681,60,9000.00
6685,60,7500.00
6689,60,750.00
6693,60,9750.00
6697,60,9000.00
6701,60,0.00
6705,60,9000.00
6709,60,9000.00
6713,60,1500.00
6717,60,6750.00
6721,60,9750.00
6725,60,3000.00
6729,60,5250.00
6733,60,9750.00
6737,60,4500.00
6741,60,3750.00
6745,60,9750.00
6749,60,6000.00
6753,60,2250.00
6757,60,9000.00
6761,60,8250.00
6765,60,0.00
6769,60,9750.00
6773,60,9750.00
6777,60,0.00
6781,60,8250.00
6785,60,9000.00
6789,60,1500.00
6793,60,6750.00
6797,60,9750.00
6801,60,3000.00
6805,60,5250.00
6809,60,9750.00
6813,60,4500.00
6817,60,3750.00
6821,60,9750.00
6825,60,6000.00
6829,60,2250.00
6833,60,9750.00
6837,60,7500.00
6841,60,750.00
6845,60,9750.00
6849,60,9000.00
6853,60,0.00
6857,60,7500.00
6861,60,9750.00
6865,60,1500.00
6869,60,6750.00
6873,60,9750.00
6877,60,3000.00
6881,60,5250.00
6885,60,9750.00
6889,60,4500.00
6893,60,3750.00
6897,60,9750.00
6901,60,6000.00
6905,60,2250.00
6909,60,9750.00
6913,60,7500.00
6917,60,750.00
6921,60,9750.00
6925,60,9000.00
6929,60,0.00
6933,60,9000.00
6937,60,9750.00
6941,60,750.00
6945,60,10500.00
6949,60,9750.00
6953,60,2250.00
6957,60,6000.00
6961,60,9750.00
6965,60,3750.00
6969,60,4500.00
6973,60,9750.00
6977,60,5250.00
6981,60,3000.00
6985,60,9750.00
6989,60,6750.00
6993,60,1500.00
6997,60,9750.00
7001,60,8250.00
7005,60,0.00
7009,60,9750.00
7013,60,9750.00
7017,60,0.00
7021,60,8250.00
7025,60,9750.00
7029,60,1500.00
7033,60,6750.00
7037,60,9000.00
7041,60,3000.00
7045,60,5250.00
7049,60,9750.00
7053,60,4500.00
7057,60,3000.00
7061,60,9750.00
7065,60,6750.00
7069,60,1500.00
7073,60,9750.00
7077,60,8250.00
7081,60,0.00
7085,60,9000.00
7089,60,9750.00
7093,60,0.00
7097,60,8250.00
7101,60,9750.00
7105,60,1500.00
7109,60,6750.00
7113,60,9750.00
7117,60,3000.00
7121,60,5250.00
7125,60,9750.00
7129,60,4500.00
7133,60,3000.00
7137,60,10500.00
7141,60,6000.00
7145,60,1500.00
7149,60,9750.00
7153,60,7500.00
7157,60,0.00
7161,60,9750.00
7165,60,9750.00
7169,60,0.00
7173,60,8250.00
7177,60,9750.00
7181,60,1500.00
7185,60,6750.00
7189,60,9750.00
7193,60,3000.00
7197,60,5250.00
7201,60,9750.00
7205,60,4500.00
7209,60,3000.00
7213,60,9750.00
7217,60,6750.00
7221,60,1500.00
7225,60,9750.00
7229,60,8250.00
7233,60,0.00
7237,60,9750.00
7241,60,9750.00
7245,60,0.00
7249,60,8250.00
7253,60,9750.00
7257,60,1500.00
7261,60,6750.00
7265,60,9000.00
7269,60,3750.00
7273,60,4500.00
7277,60,9750.00
7281,60,5250.00
7285,60,3000.00
7289,60,9750.00
7293,60,6750.00
7297,60,1500.00
7301,60,9750.00
7305,60,8250.00
7309,60,0.00
7313,60,9000.00
7317,60,10500.00
7321,60,0.00
7325,60,7500.00
7329,60,9750.00
7333,60,2250.00
7337,60,6000.00
7341,60,9750.00
7345,60,3750.00
7349,60,4500.00
7353,60,9750.00
7357,60,5250.00
7361,60,2250.00
7365,60,9750.00
7369,60,7500.00
7373,60,750.00
7377,60,9750.00
7381,60,9000.00
7385,60,0.00
7389,60,8250.00
7393,60,9750.00
7397,60,1500.00
7401,60,6750.00
7405,60,9750.00
7409,60,3000.00
7413,60,5250.00
7417,60,9750.00
7421,60,4500.00
7425,60,3000.00
7429,60,9750.00
7433,60,6750.00
7437,60,1500.00
7441,60,9750.00
7445,60,8250.00
7449,60,0.00
7453,60,9750.00
7457,60,9750.00
7461,60,0.00
7465,60,8250.00
7469,60,9750.00
7473,60,1500.00
7477,60,6000.00
7481,60,9750.00
7485,60,3750.00
7489,60,4500.00
7493,60,9750.00
7497,60,5250.00
7501,60,3000.00
7505,60,9750.00
7509,60,6750.00
7513,60,1500.00
7517,60,9000.00
7521,60,9000.00
7525,60,0.00
7529,60,8250.00
7533,60,9000.00
7537,60,1500.00
7541,60,7500.00
7545,60,9000.00
7549,60,3000.00
7553,60,5250.00
7557,60,9750.00
7561,60,4500.00
7565,60,3750.00
7569,60,9750.00
7573,60,6000.00
7577,60,2250.00
7581,60,9000.00
7585,60,8250.00
7589,60,0.00
7593,60,9750.00
7597,60,9750.00
7601,60,0.00
7605,60,8250.00
7609,60,9750.00
7613,60,1500.00
7617,60,6000.00
7621,60,9750.00
7625,60,3750.00
7629,60,4500.00
7633,60,9750.00
7637,60,5250.00
7641,60,3000.00
7645,60,9750.00
7649,60,6750.00
7653,60,750.00
7657,60,9750.00
7661,60,9000.00
7665,60,0.00
7669,60,9000.00
7673,60,9000.00
7677,60,1500.00
7681,60,6750.00
7685,60,9750.00
7689,60,3000.00
7693,60,5250.00
7697,60,9000.00
7701,60,4500.00
7705,60,3000.00
7709,60,9000.00
7713,60,6750.00
7717,60,1500.00
7721,60,9750.00
7725,60,9000.00
7729,60,0.00
7733,60,9750.00
7737,60,9750.00
7741,60,0.00
7745,60,8250.00
7749,60,9000.00
7753,60,2250.00
7757,60,6000.00
7761,60,9750.00
7765,60,3750.00
7769,60,4500.00
7773,60,9750.00
7777,60,5250.00
7781,60,3000.00
7785,60,9750.00
7789,60,6750.00
7793,60,750.00
7797,60,9750.00
7801,60,9000.00
7805,60,0.00
7809,60,9000.00
7813,60,9000.00
7817,60,1500.00
7821,60,6750.00
7825,60,9750.00
7829,60,3000.00
7833,60,5250.00
7837,60,9750.00
7841,60,4500.00
7845,60,3750.00
7849,60,9750.00
7853,60,6000.00
7857,60,2250.00
7861,60,9000.00
7865,60,8250.00
7869,60,0.00
7873,60,9750.00
7877,60,9750.00
7881,60,0.00
7885,60,8250.00
7889,60,9750.00
7893,60,1500.00
7897,60,6750.00
7901,60,9750.00
7905,60,3000.00
7909,60,4500.00
7913,60,9750.00
7917,60,5250.00
7921,60,3000.00
7925,60,9750.00
7929,60,6750.00
7933,60,1500.00
7937,60,9750.00
7941,60,8250.00
7945,60,0.00
7949,60,9000.00
7953,60,9750.00
7957,60,750.00
7961,60,7500.00
7965,60,9750.00
7969,60,2250.00
7973,60,6000.00
7977,60,9750.00
7981,60,3750.00
7985,60,3750.00
7989,60,9750.00
7993,60,6000.00
7997,60,2250.00
8001,60,9750.00
8005,80,7500.00
8009,80,750.00
8013,80,9750.00
8017,80,9000.00
8021,80,0.00
8025,80,9000.00
8029,80,9000.00
8033,80,1500.00
8037,80,7500.00
8041,80,9750.00
8045,80,2250.00
8049,80,6000.00
8053,80,9750.00
8057,80,3750.00
8061,80,4500.00
8065,80,9000.00
8069,80,5250.00
8073,80,4500.00
8077,80,9000.00
8081,80,6750.00
8085,80,3750.00
8089,80,9750.00
8093,80,7500.00
8097,80,3000.00
8101,80,9750.00
8105,80,8250.00
8109,80,1500.00
8113,80,9000.00
8117,80,9750.00
8121,80,750.00
8125,80,9750.00
8129,80,10500.00
8133,80,0.00
8137,80,9750.00
8141,80,9750.00
8145,80,1500.00
8149,80,9000.00
8153,80,9000.00
8157,80,2250.00
8161,80,8250.00
8165,80,9750.00
8169,80,3000.00
8173,80,7500.00
8177,80,10500.00
8181,80,3000.00
8185,80,6750.00
8189,80,10500.00
8193,80,3750.00
8197,80,7500.00
8201,80,9750.00
8205,80,4500.00
8209,80,6750.00
8213,80,9750.00
8217,80,4500.00
8221,80,6000.00
8225,80,9750.00
8229,80,5250.00
8233,80,5250.00
8237,80,10500.00
8241,80,5250.00
8245,80,6000.00
8249,80,9000.00
8253,80,6000.00
8257,80,5250.00
8261,80,10500.00
8265,80,6000.00
8269,80,6000.00
8273,80,9750.00
8277,80,6000.00
8281,80,6000.00
8285,80,9000.00
8289,80,6750.00
8293,80,5250.00
8297,80,8250.00
8301,80,6750.00
8305,80,6000.00
8309,80,9750.00
8313,80,6750.00
8317,80,6000.00
8321,80,9750.00
8325,80,6750.00
8329,80,6750.00
8333,80,9750.00
8337,80,6750.00
8341,80,3000.00
8345,80,10500.00
8349,80,6000.00
8353,80,3000.00
8357,80,9000.00
8361,80,6000.00
8365,80,3000.00
8369,80,9750.00
8373,80,5250.00
8377,80,3750.00
8381,80,9750.00
8385,80,5250.00
8389,80,4500.00
8393,80,9000.00
8397,80,5250.00
8401,80,4500.00
8405,80,9750.00
8409,80,4500.00
8413,80,4500.00
8417,80,10500.00
8421,80,4500.00
8425,80,5250.00
8429,80,9750.00
8433,80,3750.00
8437,80,5250.00
8441,80,9750.00
8445,80,3750.00
8449,80,6000.00
8453,80,9750.00
8457,80,3000.00
8461,80,6750.00
8465,80,9000.00
8469,80,3000.00
8473,80,6750.00
8477,80,10500.00
8481,80,2250.00
8485,80,7500.00
8489,80,9750.00
8493,80,1500.00
8497,80,8250.00
8501,80,9000.00
8505,80,1500.00
8509,80,6750.00
8513,80,9750.00
8517,80,750.00
8521,80,8250.00
8525,80,9000.00
8529,80,0.00
8533,80,9000.00
8537,80,9750.00
8541,80,0.00
8545,80,9000.00
8549,80,9750.00
8553,80,0.00
8557,80,10500.00
8561,80,9000.00
8565,80,750.00
8569,80,9750.00
8573,80,8250.00
8577,80,1500.00
8581,80,9750.00
8585,80,7500.00
8589,80,1500.00
8593,80,11250.00
8597,80,6750.00
8601,80,2250.00
8605,80,9750.00
8609,80,6750.00
8613,80,3000.00
8617,80,9000.00
8621,80,6000.00
8625,80,3750.00
8629,80,10500.00
8633,80,5250.00
8637,80,4500.00
8641,80,10500.00
8645,80,4500.00
8649,80,4500.00
8653,80,10500.00
8657,80,4500.00
8661,80,5250.00
8665,80,9750.00
8669,80,3750.00
8673,80,6000.00
8677,80,9000.00
8681,80,3000.00
8685,80,6000.00
8689,80,9750.00
8693,80,2250.00
8697,80,7500.00
8701,80,10500.00
8705,80,1500.00
8709,80,8250.00
8713,80,9000.00
8717,80,1500.00
8721,80,7500.00
8725,80,10500.00
8729,80,0.00
8733,80,9000.00
8737,80,9750.00
8741,80,0.00
8745,80,9000.00
8749,80,9750.00
8753,80,0.00
8757,80,9000.00
8761,80,9000.00
8765,80,750.00
8769,80,9000.00
8773,80,8250.00
8777,80,1500.00
8781,80,9750.00
8785,80,7500.00
8789,80,2250.00
8793,80,10500.00
8797,80,6750.00
8801,80,3000.00
8805,80,9750.00
8809,80,6000.00
8813,80,3000.00
8817,80,10500.00
8821,80,5250.00
8825,80,4500.00
8829,80,8250.00
8833,80,5250.00
8837,80,4500.00
8841,80,9750.00
8845,80,4500.00
8849,80,5250.00
8853,80,9750.00
8857,80,3750.00
8861,80,6000.00
8865,80,10500.00
8869,80,3000.00
8873,80,6750.00
8877,80,10500.00
8881,80,2250.00
8885,80,7500.00
8889,80,9750.00
8893,80,1500.00
8897,80,8250.00
8901,80,9000.00
8905,80,1500.00
8909,80,8250.00
8913,80,10500.00
8917,80,0.00
8921,80,9000.00
8925,80,10500.00
8929,80,0.00
8933,80,9000.00
8937,80,9750.00
8941,80,0.00
8945,80,9750.00
8949,80,9000.00
8953,80,750.00
8957,80,9750.00
8961,80,8250.00
8965,80,1500.00
8969,80,9750.00
8973,80,7500.00
8977,80,2250.00
8981,80,9750.00
8985,80,6750.00
8989,80,3000.00
8993,80,9000.00
8997,80,6750.00
9001,80,3000.00
9005,80,9750.00
9009,80,6000.00
9013,80,3750.00
9017,80,9750.00
9021,80,5250.00
9025,80,4500.00
9029,80,9000.00
9033,80,4500.00
9037,80,5250.00
9041,80,9750.00
9045,80,3750.00
9049,80,6000.00
9053,80,9000.00
9057,80,3000.00
9061,80,6000.00
9065,80,10500.00
9069,80,2250.00
9073,80,6750.00
9077,80,11250.00
9081,80,1500.00
9085,80,8250.00
9089,80,9000.00
9093,80,1500.00
9097,80,7500.00
9101,80,11250.00
9105,80,0.00
9109,80,9000.00
9113,80,9750.00
9117,80,0.00
9121,80,9750.00
9125,80,9750.00
9129,80,0.00
9133,80,10500.00
9137,80,9000.00
9141,80,750.00
9145,80,10500.00
9149,80,8250.00
9153,80,1500.00
9157,80,9000.00
9161,80,7500.00
9165,80,2250.00
9169,80,8250.00
9173,80,6750.00
9177,80,3000.00
9181,80,9750.00
9185,80,6000.00
9189,80,3000.00
9193,80,9000.00
9197,80,5250.00
9201,80,4500.00
9205,80,8250.00
9209,80,5250.00
9213,80,4500.00
9217,80,9750.00
9221,80,4500.00
9225,80,5250.00
9229,80,9000.00
9233,80,3750.00
9237,80,6000.00
9241,80,9000.00
9245,80,3000.00
9249,80,6750.00
9253,80,9750.00
9257,80,2250.00
9261,80,7500.00
9265,80,10500.00
9269,80,1500.00
9273,80,7500.00
9277,80,9000.00
9281,80,1500.00
9285,80,9000.00
9289,80,9750.00
9293,80,0.00
9297,80,8250.00
9301,80,9750.00
9305,80,0.00
9309,80,7500.00
9313,80,9750.00
9317,80,0.00
9321,80,9000.00
9325,80,9000.00
9329,80,750.00
9333,80,9750.00
9337,80,8250.00
9341,80,1500.00
9345,80,9750.00
9349,80,7500.00
9353,80,2250.00
9357,80,9750.00
9361,80,6750.00
9365,80,2250.00
9369,80,9000.00
9373,80,6750.00
9377,80,3000.00
9381,80,9750.00
9385,80,6000.00
9389,80,3750.00
9393,80,9750.00
9397,80,5250.00
9401,80,4500.00
9405,80,9000.00
9409,80,5250.00
9413,80,4500.00
9417,80,9750.00
9421,80,4500.00
9425,80,5250.00
9429,80,9750.00
9433,80,3750.00
9437,80,6000.00
9441,80,9750.00
9445,80,3000.00
9449,80,6000.00
9453,80,10500.00
9457,80,3000.00
9461,80,6750.00
9465,80,9000.00
9469,80,2250.00
9473,80,7500.00
9477,80,10500.00
9481,80,1500.00
9485,80,7500.00
9489,80,9750.00
9493,80,1500.00
9497,80,8250.00
9501,80,9750.00
9505,80,1500.00
9509,80,8250.00
9513,80,11250.00
9517,80,0.00
9521,80,9000.00
9525,80,9750.00
9529,80,0.00
9533,80,8250.00
9537,80,9750.00
9541,80,0.00
9545,80,9750.00
9549,80,9000.00
9553,80,0.00
9557,80,9750.00
9561,80,9000.00
9565,80,0.00
9569,80,9750.00
9573,80,8250.00
9577,80,750.00
9581,80,9000.00
9585,80,8250.00
9589,80,750.00
9593,80,9750.00
9597,80,8250.00
9601,80,1500.00
9605,80,9750.00
9609,80,8250.00
9613,80,1500.00
9617,80,10500.00
9621,80,7500.00
9625,80,2250.00
9629,80,9000.00
9633,80,7500.00
9637,80,2250.00
9641,80,10500.00
9645,80,6750.00
9649,80,2250.00
9653,80,9000.00
9657,80,6750.00
9661,80,3000.00
9665,80,9000.00
9669,80,6750.00
9673,80,3000.00
9677,80,10500.00
9681,80,6000.00
9685,80,3000.00
9689,80,9750.00
9693,80,6000.00
9697,80,3750.00
9701,80,9750.00
9705,80,5250.00
9709,80,3750.00
9713,80,9750.00
9717,80,5250.00
9721,80,4500.00
9725,80,9000.00
9729,80,5250.00
9733,80,4500.00
9737,80,9750.00
9741,80,4500.00
9745,80,4500.00
9749,80,10500.00
9753,80,4500.00
9757,80,4500.00
9761,80,9750.00
9765,80,4500.00
9769,80,5250.00
9773,80,9750.00
9777,80,4500.00
9781,80,5250.00
9785,80,10500.00
9789,80,3750.00
9793,80,5250.00
9797,80,9750.00
9801,80,3750.00
9805,80,5250.00
9809,80,9750.00
9813,80,3750.00
9817,80,6000.00
9821,80,8250.00
9825,80,3750.00
9829,80,6000.00
9833,80,9750.00
9837,80,3000.00
9841,80,6000.00
9845,80,9000.00
9849,80,3000.00
9853,80,6750.00
9857,80,9000.00
9861,80,3000.00
9865,80,6750.00
9869,80,8250.00
9873,80,3000.00
9877,80,6750.00
9881,80,10500.00
9885,80,2250.00
9889,80,6000.00
9893,80,10500.00
9897,80,2250.00
9901,80,6750.00
9905,80,10500.00
9909,80,2250.00
9913,80,10500.00
9917,80,9750.00
9921,80,2250.00
9925,80,9750.00
9929,80,9750.00
9933,80,2250.00
9937,80,6750.00
9941,80,10500.00
9945,80,2250.00
9949,80,6750.00
9953,80,9750.00
9957,80,2250.00
9961,80,6750.00
9965,80,9750.00
9969,80,2250.00
9973,80,9750.00
9977,80,10500.00
9981,80,2250.00
9985,80,10500.00
9989,80,10500.00
9993,80,2250.00
9997,80,9750.00
10001,100,9750.00
10005,100,2250.00
10009,100,8250.00
10013,100,10500.00
10017,100,2250.00
10021,100,9750.00
10025,100,9000.00
10029,100,3000.00
10033,100,9750.00
10037,100,9000.00
10041,100,3000.00
10045,100,6750.00
10049,100,9000.00
10053,100,3000.00
10057,100,6750.00
10061,100,10500.00
10065,100,2250.00
10069,100,6750.00
10073,100,10500.00
10077,100,2250.00
10081,100,6750.00
10085,100,9750.00
10089,100,2250.00
10093,100,6750.00
10097,100,10500.00
10101,100,2250.00
10105,100,6750.00
10109,100,9750.00
10113,100,2250.00
10117,100,7500.00
10121,100,9750.00
10125,100,1500.00
10129,100,7500.00
10133,100,10500.00
10137,100,1500.00
10141,100,8250.00
10145,100,9750.00
10149,100,1500.00
10153,100,8250.00
10157,100,9000.00
10161,100,1500.00
10165,100,8250.00
10169,100,10500.00
10173,100,0.00
10177,100,9000.00
10181,100,10500.00
10185,100,0.00
10189,100,9000.00
10193,100,9750.00
10197,100,0.00
10201,100,9000.00
10205,100,9750.00
10209,100,0.00
10213,100,9750.00
10217,100,9000.00
10221,100,0.00
10225,100,9000.00
10229,100,9000.00
10233,100,750.00
10237,100,9750.00
10241,100,8250.00
10245,100,1500.00
10249,100,9750.00
10253,100,7500.00
10257,100,2250.00
10261,100,10500.00
10265,100,6750.00
10269,100,3000.00
10273,100,8250.00
10277,100,6750.00
10281,100,3000.00
10285,100,9000.00
10289,100,6000.00
10293,100,3750.00
10297,100,9000.00
10301,100,5250.00
10305,100,4500.00
10309,100,8250.00
10313,100,4500.00
10317,100,5250.00
10321,100,9750.00
10325,100,3750.00
10329,100,6000.00
10333,100,9750.00
10337,100,3000.00
10341,100,6750.00
10345,100,9000.00
10349,100,2250.00
10353,100,7500.00
10357,100,10500.00
10361,100,1500.00
10365,100,7500.00
10369,100,10500.00
10373,100,0.00
10377,100,8250.00
10381,100,9750.00
10385,100,0.00
10389,100,9750.00
10393,100,9000.00
10397,100,750.00
10401,100,10500.00
10405,100,8250.00
10409,100,1500.00
10413,100,10500.00
10417,100,7500.00
10421,100,3000.00
10425,100,8250.00
10429,100,6750.00
10433,100,3750.00
10437,100,8250.00
10441,100,5250.00
10445,100,4500.00
10449,100,9750.00
10453,100,4500.00
10457,100,5250.00
10461,100,9750.00
10465,100,3000.00
10469,100,6750.00
10473,100,9750.00
10477,100,2250.00
10481,100,8250.00
10485,100,9750.00
10489,100,1500.00
10493,100,8250.00
10497,100,10500.00
10501,100,0.00
10505,100,9750.00
10509,100,9000.00
10513,100,750.00
10517,100,9000.00
10521,100,8250.00
10525,100,1500.00
10529,100,10500.00
10533,100,6750.00
10537,100,3000.00
10541,100,9000.00
10545,100,6000.00
10549,100,4500.00
10553,100,9750.00
10557,100,4500.00
10561,100,5250.00
10565,100,9000.00
10569,100,3750.00
10573,100,6750.00
10577,100,10500.00
10581,100,2250.00
10585,100,8250.00
10589,100,9000.00
10593,100,1500.00
10597,100,9000.00
10601,100,9750.00
10605,100,0.00
10609,100,9000.00
10613,100,9000.00
10617,100,1500.00
10621,100,10500.00
10625,100,7500.00
10629,100,2250.00
10633,100,8250.00
10637,100,6750.00
10641,100,3750.00
10645,100,8250.00
10649,100,5250.00
10653,100,5250.00
10657,100,10500.00
10661,100,3750.00
10665,100,6750.00
10669,100,9000.00
10673,100,2250.00
10677,100,7500.00
10681,100,9000.00
10685,100,1500.00
10689,100,8250.00
10693,100,9000.00
10697,100,0.00
10701,100,9750.00
10705,100,8250.00
10709,100,1500.00
10713,100,10500.00
10717,100,6750.00
10721,100,3000.00
10725,100,10500.00
10729,100,5250.00
10733,100,4500.00
10737,100,9000.00
10741,100,3750.00
10745,100,5250.00
10749,100,9750.00
10753,100,2250.00
10757,100,7500.00
10761,100,8250.00
10765,100,1500.00
10769,100,8250.00
10773,100,9750.00
10777,100,0.00
10781,100,9000.00
10785,100,8250.00
10789,100,1500.00
10793,100,9000.00
10797,100,6750.00
10801,100,3000.00
10805,100,9750.00
10809,100,5250.00
10813,100,5250.00
10817,100,9000.00
10821,100,3750.00
10825,100,6750.00
10829,100,9750.00
10833,100,1500.00
10837,100,8250.00
10841,100,9750.00
10845,100,0.00
10849,100,10500.00
10853,100,8250.00
10857,100,1500.00
10861,100,9000.00
10865,100,7500.00
10869,100,3000.00
10873,100,10500.00
10877,100,5250.00
10881,100,4500.00
10885,100,9750.00
10889,100,3750.00
10893,100,6000.00
10897,100,9000.00
10901,100,2250.00
10905,100,8250.00
10909,100,11250.00
10913,100,0.00
10917,100,8250.00
10921,100,8250.00
10925,100,1500.00
10929,100,9000.00
10933,100,6750.00
10937,100,3000.00
10941,100,9750.00
10945,100,5250.00
10949,100,5250.00
10953,100,9000.00
10957,100,3750.00
10961,100,6750.00
10965,100,9000.00
10969,100,1500.00
10973,100,8250.00
10977,100,9000.00
10981,100,0.00
10985,100,9750.00
10989,100,8250.00
10993,100,2250.00
10997,100,8250.00
11001,100,5250.00
11005,100,4500.00
11009,100,9000.00
11013,100,4500.00
11017,100,6750.00
11021,100,9000.00
11025,100,2250.00
11029,100,6750.00
11033,100,11250.00
11037,100,0.00
11041,100,8250.00
11045,100,9000.00
11049,100,2250.00
11053,100,8250.00
11057,100,6750.00
11061,100,4500.00
11065,100,7500.00
11069,100,4500.00
11073,100,6750.00
11077,100,9000.00
11081,100,2250.00
11085,100,7500.00
11089,100,10500.00
11093,100,0.00
11097,100,9000.00
11101,100,8250.00
11105,100,2250.00
11109,100,9000.00
11113,100,6000.00
11117,100,4500.00
11121,100,8250.00
11125,100,3750.00
11129,100,6750.00
11133,100,9750.00
11137,100,1500.00
11141,100,8250.00
11145,100,9750.00
11149,100,750.00
11153,100,9000.00
11157,100,7500.00
11161,100,3000.00
11165,100,8250.00
11169,100,5250.00
11173,100,5250.00
11177,100,9000.00
11181,100,3000.00
11185,100,6750.00
11189,100,9750.00
11193,100,0.00
11197,100,9750.00
11201,100,8250.00
11205,100,2250.00
11209,100,9000.00
11213,100,6000.00
11217,100,5250.00
11221,100,7500.00
11225,100,3750.00
11229,100,6750.00
11233,100,11250.00
11237,100,0.00
11241,100,9000.00
11245,100,9000.00
11249,100,2250.00
11253,100,9000.00
11257,100,6000.00
11261,100,5250.00
11265,100,8250.00
11269,100,3000.00
11273,100,6750.00
11277,100,9000.00
11281,100,0.00
11285,100,9000.00
11289,100,8250.00
11293,100,3000.00
11297,100,9000.00
11301,100,5250.00
11305,100,6000.00
11309,100,7500.00
11313,100,2250.00
11317,100,8250.00
11321,100,8250.00
11325,100,750.00
11329,100,8250.00
11333,100,7500.00
11337,100,3750.00
11341,100,9750.00
11345,100,4500.00
11349,100,6000.00
11353,100,9750.00
11357,100,1500.00
11361,100,9000.00
11365,100,9000.00
11369,100,2250.00
11373,100,9000.00
11377,100,6000.00
11381,100,5250.00
11385,100,9750.00
11389,100,3000.00
11393,100,7500.00
11397,100,9000.00
11401,100,750.00
11405,100,9000.00
11409,100,7500.00
11413,100,3750.00
11417,100,9750.00
11421,100,3750.00
11425,100,7500.00
11429,100,9000.00
11433,100,750.00
11437,100,8250.00
11441,100,8250.00
11445,100,3000.00
11449,100,7500.00
11453,100,5250.00
11457,100,6000.00
11461,100,7500.00
11465,100,2250.00
11469,100,8250.00
11473,100,9000.00
11477,100,1500.00
11481,100,9750.00
11485,100,6750.00
11489,100,5250.00
11493,100,8250.00
11497,100,3000.00
11501,100,6750.00
11505,100,10500.00
11509,100,750.00
11513,100,8250.00
11517,100,7500.00
11521,100,4500.00
11525,100,9000.00
11529,100,3750.00
11533,100,7500.00
11537,100,11250.00
11541,100,0.00
11545,100,9750.00
11549,100,7500.00
11553,100,3000.00
11557,100,9000.00
11561,100,4500.00
11565,100,6000.00
11569,100,9000.00
11573,100,1500.00
11577,100,8250.00
11581,100,9000.00
11585,100,3000.00
11589,100,8250.00
11593,100,5250.00
11597,100,6000.00
11601,100,9750.00
11605,100,1500.00
11609,100,9000.00
11613,100,9750.00
11617,100,2250.00
11621,100,9000.00
11625,100,6750.00
11629,100,6000.00
11633,100,9000.00
11637,100,3000.00
11641,100,7500.00
11645,100,9000.00
11649,100,2250.00
11653,100,9750.00
11657,100,6000.00
11661,100,6000.00
11665,100,8250.00
11669,100,2250.00
11673,100,8250.00
11677,100,9000.00
11681,100,2250.00
11685,100,7500.00
11689,100,6000.00
11693,100,6000.00
11697,100,8250.00
11701,100,1500.00
11705,100,8250.00
11709,100,9000.00
11713,100,2250.00
11717,100,9000.00
11721,100,5250.00
11725,100,6000.00
11729,100,8250.00
11733,100,1500.00
11737,100,8250.00
11741,100,8250.00
11745,100,3000.00
11749,100,9000.00
11753,100,5250.00
11757,100,6000.00
11761,100,8250.00
11765,100,1500.00
11769,100,8250.00
11773,100,8250.00
11777,100,3750.00
11781,100,7500.00
11785,100,4500.00
11789,100,6750.00
11793,100,9750.00
11797,100,0.00
11801,100,9000.00
11805,100,7500.00
11809,100,4500.00
11813,100,10500.00
11817,100,3000.00
11821,100,7500.00
11825,100,8250.00
11829,100,1500.00
11833,100,8250.00
11837,100,6750.00
11841,100,4500.00
11845,100,9000.00
11849,100,2250.00
11853,100,7500.00
11857,100,9000.00
11861,100,3000.00
11865,100,8250.00
11869,100,5250.00
11873,100,6000.00
11877,100,8250.00
11881,100,1500.00
11885,100,7500.00
11889,100,8250.00
11893,100,4500.00
11897,100,8250.00
11901,100,3750.00
11905,100,6750.00
11909,100,9000.00
11913,100,1500.00
11917,100,9000.00
11921,100,6750.00
11925,100,5250.00
11929,100,10500.00
11933,100,2250.00
11937,100,8250.00
11941,100,7500.00
11945,100,3000.00
11949,100,8250.00
11953,100,4500.00
11957,100,6750.00
11961,100,10500.00
11965,100,0.00
11969,100,9750.00
11973,100,7500.00
11977,100,4500.00
11981,100,7500.00
11985,100,3750.00
11989,100,7500.00
11993,100,8250.00
11997,100,2250.00
12001,100,9000.00
12005,80,6000.00
12009,80,6000.00
12013,80,9000.00
12017,80,1500.00
12021,80,8250.00
12025,80,8250.00
12029,80,4500.00
12033,80,8250.00
12037,80,3750.00
12041,80,8250.00
12045,80,10500.00
12049,80,1500.00
12053,80,7500.00
12057,80,6750.00
12061,80,5250.00
12065,80,9000.00
12069,80,2250.00
12073,80,7500.00
12077,80,9000.00
12081,80,3000.00
12085,80,7500.00
12089,80,5250.00
12093,80,5250.00
12097,80,9000.00
12101,80,1500.00
12105,80,9000.00
12109,80,7500.00
12113,80,3750.00
12117,80,9000.00
12121,80,4500.00
12125,80,7500.00
12129,80,9000.00
12133,80,0.00
12137,80,9000.00
12141,80,7500.00
12145,80,4500.00
12149,80,8250.00
12153,80,3750.00
12157,80,8250.00
12161,80,9000.00
12165,80,750.00
12169,80,8250.00
12173,80,7500.00
12177,80,4500.00
12181,80,8250.00
12185,80,4500.00
12189,80,6750.00
12193,80,8250.00
12197,80,750.00
12201,80,9000.00
12205,80,7500.00
12209,80,4500.00
12213,80,8250.00
12217,80,3750.00
12221,80,6750.00
12225,80,9750.00
12229,80,750.00
12233,80,9000.00
12237,80,7500.00
12241,80,4500.00
12245,80,7500.00
12249,80,3750.00
12253,80,6750.00
12257,80,9750.00
12261,80,0.00
12265,80,8250.00
12269,80,7500.00
12273,80,3750.00
12277,80,9000.00
12281,80,4500.00
12285,80,7500.00
12289,80,9750.00
12293,80,750.00
12297,80,8250.00
12301,80,8250.00
12305,80,3000.00
12309,80,9000.00
12313,80,5250.00
12317,80,6000.00
12321,80,9000.00
12325,80,1500.00
12329,80,7500.00
12333,80,9000.00
12337,80,2250.00
12341,80,9000.00
12345,80,6000.00
12349,80,5250.00
12353,80,9750.00
12357,80,2250.00
12361,80,7500.00
12365,80,9000.00
12369,80,1500.00
12373,80,8250.00
12377,80,6750.00
12381,80,4500.00
12385,80,9750.00
12389,80,3750.00
12393,80,6750.00
12397,80,11250.00
12401,80,0.00
12405,80,9000.00
12409,80,8250.00
12413,80,3000.00
12417,80,9750.00
12421,80,5250.00
12425,80,6000.00
12429,80,9000.00
12433,80,1500.00
12437,80,7500.00
12441,80,8250.00
12445,80,1500.00
12449,80,8250.00
12453,80,6750.00
12457,80,5250.00
12461,80,8250.00
12465,80,3000.00
12469,80,6750.00
12473,80,10500.00
12477,80,0.00
12481,80,8250.00
12485,80,8250.00
12489,80,3750.00
12493,80,8250.00
12497,80,4500.00
12501,80,6000.00
12505,80,9750.00
12509,80,1500.00
12513,80,9000.00
12517,80,9000.00
12521,80,2250.00
12525,80,8250.00
12529,80,6000.00
12533,80,5250.00
12537,80,9000.00
12541,80,3000.00
12545,80,7500.00
12549,80,9750.00
12553,80,0.00
12557,80,8250.00
12561,80,8250.00
12565,80,3750.00
12569,80,9000.00
12573,80,4500.00
12577,80,6000.00
12581,80,10500.00
12585,80,1500.00
12589,80,9000.00
12593,80,8250.00
12597,80,1500.00
12601,80,8250.00
12605,80,6750.00
12609,80,5250.00
12613,80,9000.00
12617,80,3000.00
12621,80,6750.00
12625,80,10500.00
12629,80,0.00
12633,80,8250.00
12637,80,8250.00
12641,80,3000.00
12645,80,8250.00
12649,80,5250.00
12653,80,6000.00
12657,80,9750.00
12661,80,1500.00
12665,80,7500.00
12669,80,9000.00
12673,80,1500.00
12677,80,9750.00
12681,80,6750.00
12685,80,4500.00
12689,80,9000.00
12693,80,3750.00
12697,80,6750.00
12701,80,9750.00
12705,80,0.00
12709,80,8250.00
12713,80,8250.00
12717,80,3000.00
12721,80,8250.00
12725,80,5250.00
12729,80,6000.00
12733,80,8250.00
12737,80,2250.00
12741,80,8250.00
12745,80,9000.00
12749,80,750.00
12753,80,8250.00
12757,80,7500.00
12761,80,4500.00
12765,80,8250.00
12769,80,3750.00
12773,80,6750.00
12777,80,8250.00
12781,80,1500.00
12785,80,8250.00
12789,80,9000.00
12793,80,2250.00
12797,80,8250.00
12801,80,6000.00
12805,80,5250.00
12809,80,8250.00
12813,80,3000.00
12817,80,7500.00
12821,80,9000.00
12825,80,750.00
12829,80,8250.00
12833,80,7500.00
12837,80,3750.00
12841,80,8250.00
12845,80,4500.00
12849,80,6750.00
12853,80,8250.00
12857,80,1500.00
12861,80,9000.00
12865,80,8250.00
12869,80,2250.00
12873,80,8250.00
12877,80,6000.00
12881,80,5250.00
12885,80,9750.00
12889,80,3000.00
12893,80,7500.00
12897,80,10500.00
12901,80,0.00
12905,80,11250.00
12909,80,7500.00
12913,80,3750.00
12917,80,8250.00
12921,80,4500.00
12925,80,6000.00
12929,80,9000.00
12933,80,1500.00
12937,80,7500.00
12941,80,9000.00
12945,80,2250.00
12949,80,9750.00
12953,80,6000.00
12957,80,5250.00
12961,80,8250.00
12965,80,3000.00
12969,80,6750.00
12973,80,10500.00
12977,80,750.00
12981,80,9750.00
12985,80,6750.00
12989,80,3750.00
12993,80,9000.00
12997,80,4500.00
13001,80,6000.00
13005,80,9000.00
13009,80,1500.00
13013,80,9750.00
13017,80,8250.00
13021,80,2250.00
13025,80,9000.00
13029,80,6000.00
13033,80,5250.00
13037,80,9000.00
13041,80,2250.00
13045,80,9000.00
13049,80,9750.00
13053,80,750.00
13057,80,9750.00
13061,80,6750.00
13065,80,4500.00
13069,80,9000.00
13073,80,3750.00
13077,80,7500.00
13081,80,9750.00
13085,80,0.00
13089,80,9000.00
13093,80,8250.00
13097,80,3000.00
13101,80,9000.00
13105,80,5250.00
13109,80,6000.00
13113,80,9750.00
13117,80,1500.00
13121,80,9000.00
13125,80,9000.00
13129,80,1500.00
13133,80,7500.00
13137,80,6750.00
13141,80,5250.00
13145,80,8250.00
13149,80,3000.00
13153,80,6750.00
13157,80,9750.00
13161,80,0.00
13165,80,9750.00
13169,80,6750.00
13173,80,3750.00
13177,80,8250.00
13181,80,4500.00
13185,80,6750.00
13189,80,9000.00
13193,80,1500.00
13197,80,8250.00
13201,80,8250.00
13205,80,2250.00
13209,80,10500.00
13213,80,5250.00
13217,80,6000.00
13221,80,8250.00
13225,80,2250.00
13229,80,7500.00
13233,80,8250.00
13237,80,1500.00
13241,80,9000.00
13245,80,6750.00
13249,80,4500.00
13253,80,8250.00
13257,80,3750.00
13261,80,8250.00
13265,80,10500.00
13269,80,0.00
13273,80,9750.00
13277,80,7500.00
13281,80,3000.00
13285,80,10500.00
13289,80,4500.00
13293,80,6000.00
13297,80,9000.00
13301,80,1500.00
13305,80,7500.00
13309,80,7500.00
13313,80,2250.00
13317,80,8250.00
13321,80,6000.00
13325,80,6000.00
13329,80,8250.00
13333,80,2250.00
13337,80,8250.00
13341,80,8250.00
13345,80,1500.00
13349,80,9000.00
13353,80,6750.00
13357,80,4500.00
13361,80,9000.00
13365,80,3750.00
13369,80,7500.00
13373,80,9750.00
13377,80,0.00
13381,80,8250.00
13385,80,8250.00
13389,80,3750.00
13393,80,9750.00
13397,80,4500.00
13401,80,6750.00
13405,80,9000.00
13409,80,1500.00
13413,80,9000.00
13417,80,8250.00
13421,80,3000.00
13425,80,8250.00
13429,80,5250.00
13433,80,6000.00
13437,80,9000.00
13441,80,1500.00
13445,80,9000.00
13449,80,9000.00
13453,80,2250.00
13457,80,8250.00
13461,80,6000.00
13465,80,5250.00
13469,80,9000.00
13473,80,3000.00
13477,80,7500.00
13481,80,9000.00
13485,80,1500.00
13489,80,9000.00
13493,80,6750.00
13497,80,4500.00
13501,80,9000.00
13505,80,3000.00
13509,80,6750.00
13513,80,10500.00
13517,80,750.00
13521,80,8250.00
13525,80,6750.00
13529,80,4500.00
13533,80,7500.00
13537,80,3750.00
13541,80,6750.00
13545,80,10500.00
13549,80,0.00
13553,80,8250.00
13557,80,7500.00
13561,80,3000.00
13565,80,9000.00
13569,80,4500.00
13573,80,6000.00
13577,80,9000.00
13581,80,1500.00
13585,80,7500.00
13589,80,8250.00
13593,80,3000.00
13597,80,8250.00
13601,80,5250.00
13605,80,6750.00
13609,80,9000.00
13613,80,1500.00
13617,80,8250.00
13621,80,9750.00
13625,80,2250.00
13629,80,8250.00
13633,80,6000.00
13637,80,5250.00
13641,80,7500.00
13645,80,2250.00
13649,80,8250.00
13653,80,9000.00
13657,80,1500.00
13661,80,9000.00
13665,80,6750.00
13669,80,5250.00
13673,80,9000.00
13677,80,3000.00
13681,80,7500.00
13685,80,8250.00
13689,80,750.00
13693,80,9000.00
13697,80,6750.00
13701,80,4500.00
13705,80,9000.00
13709,80,3750.00
13713,80,6750.00
13717,80,9750.00
13721,80,0.00
13725,80,10500.00
13729,80,7500.00
13733,80,3750.00
13737,80,8250.00
13741,80,4500.00
13745,80,6750.00
13749,80,10500.00
13753,80,0.00
13757,80,7500.00
13761,80,8250.00
13765,80,3000.00
13769,80,9000.00
13773,80,4500.00
13777,80,6000.00
13781,80,10500.00
13785,80,1500.00
13789,80,8250.00
13793,80,8250.00
13797,80,3000.00
13801,80,9000.00
13805,80,5250.00
13809,80,6750.00
13813,80,11250.00
13817,80,1500.00
13821,80,7500.00
13825,80,9000.00
13829,80,2250.00
13833,80,9000.00
13837,80,6000.00
13841,80,6000.00
13845,80,8250.00
13849,80,2250.00
13853,80,8250.00
13857,80,9000.00
13861,80,1500.00
13865,80,8250.00
13869,80,6750.00
13873,80,5250.00
13877,80,8250.00
13881,80,3000.00
13885,80,8250.00
13889,80,8250.00
13893,80,1500.00
13897,80,9000.00
13901,80,7500.00
13905,80,4500.00
13909,80,10500.00
13913,80,3000.00
13917,80,7500.00
13921,80,9750.00
13925,80,750.00
13929,80,8250.00
13933,80,7500.00
13937,80,4500.00
13941,80,8250.00
13945,80,3750.00
13949,80,6750.00
13953,80,9000.00
13957,80,0.00
13961,80,9750.00
13965,80,6750.00
13969,80,3750.00
13973,80,9000.00
13977,80,3750.00
13981,80,6750.00
13985,80,9000.00
13989,80,0.00
13993,80,8250.00
13997,80,8250.00
14001,60,3750.00
14005,60,8250.00
14009,60,4500.00
14013,60,6750.00
14017,60,9750.00
14021,60,1500.00
14025,60,8250.00
14029,60,7500.00
14033,60,3000.00
14037,60,9000.00
14041,60,5250.00
14045,60,6000.00
14049,60,8250.00
14053,60,2250.00
14057,60,8250.00
14061,60,9000.00
14065,60,1500.00
14069,60,9000.00
14073,60,6750.00
14077,60,4500.00
14081,60,8250.00
14085,60,3750.00
14089,60,7500.00
14093,60,8250.00
14097,60,1500.00
14101,60,9000.00
14105,60,9000.00
14109,60,2250.00
14113,60,9000.00
14117,60,6000.00
14121,60,4500.00
14125,60,10500.00
14129,60,3750.00
14133,60,7500.00
14137,60,9000.00
14141,60,750.00
14145,60,8250.00
14149,60,9000.00
14153,60,2250.00
14157,60,7500.00
14161,60,6750.00
14165,60,4500.00
14169,60,9750.00
14173,60,3750.00
14177,60,6750.00
14181,60,9000.00
14185,60,1500.00
14189,60,8250.00
14193,60,9000.00
14197,60,1500.00
14201,60,9000.00
14205,60,7500.00
14209,60,3750.00
14213,60,8250.00
14217,60,5250.00
14221,60,6000.00
14225,60,9000.00
14229,60,3000.00
14233,60,7500.00
14237,60,10500.00
14241,60,0.00
14245,60,9000.00
14249,60,9000.00
14253,60,1500.00
14257,60,9000.00
14261,60,6750.00
14265,60,3750.00
14269,60,9750.00
14273,60,4500.00
14277,60,6000.00
14281,60,9000.00
14285,60,3000.00
14289,60,8250.00
14293,60,9000.00
14297,60,750.00
14301,60,8250.00
14305,60,9000.00
14309,60,750.00
14313,60,9750.00
14317,60,7500.00
14321,60,3000.00
14325,60,9750.00
14329,60,6000.00
14333,60,4500.00
14337,60,9000.00
14341,60,3750.00
14345,60,6750.00
14349,60,9000.00
14353,60,2250.00
14357,60,7500.00
14361,60,10500.00
14365,60,0.00
14369,60,7500.00
14373,60,9000.00
14377,60,750.00
14381,60,9000.00
14385,60,8250.00
14389,60,2250.00
14393,60,10500.00
14397,60,6000.00
14401,60,4500.00
14405,60,10500.00
14409,60,4500.00
14413,60,5250.00
14417,60,9750.00
14421,60,3000.00
14425,60,7500.00
14429,60,9750.00
14433,60,1500.00
14437,60,8250.00
14441,60,9750.00
14445,60,0.00
14449,60,10500.00
14453,60,8250.00
14457,60,750.00
14461,60,9750.00
14465,60,7500.00
14469,60,2250.00
14473,60,9000.00
14477,60,6750.00
14481,60,3750.00
14485,60,9750.00
14489,60,5250.00
14493,60,5250.00
14497,60,9750.00
14501,60,3750.00
14505,60,6750.00
14509,60,10500.00
14513,60,2250.00
14517,60,7500.00
14521,60,9750.00
14525,60,1500.00
14529,60,8250.00
14533,60,10500.00
14537,60,0.00
14541,60,7500.00
14545,60,9750.00
14549,60,750.00
14553,60,9000.00
14557,60,8250.00
14561,60,1500.00
14565,60,9750.00
14569,60,6750.00
14573,60,3000.00
14577,60,9000.00
14581,60,6000.00
14585,60,4500.00
14589,60,10500.00
14593,60,4500.00
14597,60,5250.00
14601,60,9000.00
14605,60,3750.00
14609,60,6000.00
14613,60,10500.00
14617,60,3000.00
14621,60,7500.00
14625,60,8250.00
14629,60,1500.00
14633,60,6750.00
14637,60,10500.00
14641,60,0.00
14645,60,9750.00
14649,60,9750.00
14653,60,0.00
14657,60,9000.00
14661,60,9000.00
14665,60,750.00
14669,60,9000.00
14673,60,8250.00
14677,60,1500.00
14681,60,9750.00
14685,60,7500.00
14689,60,3000.00
14693,60,9750.00
14697,60,6000.00
14701,60,3750.00
14705,60,9750.00
14709,60,5250.00
14713,60,4500.00
14717,60,9000.00
14721,60,4500.00
14725,60,5250.00
14729,60,8250.00
14733,60,3750.00
14737,60,6000.00
14741,60,9000.00
14745,60,3000.00
14749,60,6750.00
14753,60,9750.00
14757,60,2250.00
14761,60,8250.00
14765,60,9000.00
14769,60,1500.00
14773,60,7500.00
14777,60,9750.00
14781,60,0.00
14785,60,9000.00
14789,60,9750.00
14793,60,0.00
14797,60,8250.00
14801,60,9000.00
14805,60,750.00
14809,60,9000.00
14813,60,8250.00
14817,60,1500.00
14821,60,10500.00
14825,60,8250.00
14829,60,2250.00
14833,60,9000.00
14837,60,6750.00
14841,60,3000.00
14845,60,9750.00
14849,60,6000.00
14853,60,3000.00
14857,60,11250.00
14861,60,5250.00
14865,60,4500.00
14869,60,8250.00
14873,60,5250.00
14877,60,4500.00
14881,60,9750.00
14885,60,4500.00
14889,60,5250.00
14893,60,9750.00
14897,60,3750.00
14901,60,6000.00
14905,60,9000.00
14909,60,3000.00
14913,60,6750.00
14917,60,9000.00
14921,60,2250.00
14925,60,7500.00
14929,60,9750.00
14933,60,1500.00
14937,60,8250.00
14941,60,9750.00
14945,60,1500.00
14949,60,7500.00
14953,60,11250.00
14957,60,0.00
14961,60,8250.00
14965,60,9000.00
14969,60,0.00
14973,60,9000.00
14977,60,9750.00
14981,60,0.00
14985,60,9000.00
14989,60,9750.00
14993,60,0.00
14997,60,9750.00
15001,60,9000.00
15005,60,750.00
15009,60,9750.00
15013,60,8250.00
15017,60,1500.00
15021,60,9750.00
15025,60,8250.00
15029,60,1500.00
15033,60,9750.00
15037,60,7500.00
15041,60,2250.00
15045,60,9000.00
15049,60,6000.00
15053,60,2250.00
15057,60,9750.00
15061,60,6750.00
15065,60,3000.00
15069,60,9750.00
15073,60,6000.00
15077,60,3000.00
15081,60,9750.00
15085,60,6000.00
15089,60,3750.00
15093,60,9000.00
15097,60,5250.00
15101,60,4500.00
15105,60,8250.00
15109,60,5250.00
15113,60,4500.00
15117,60,9750.00
15121,60,4500.00
15125,60,4500.00
15129,60,10500.00
15133,60,4500.00
15137,60,5250.00
15141,60,9750.00
15145,60,3750.00
15149,60,5250.00
15153,60,9750.00
15157,60,3750.00
15161,60,6000.00
15165,60,10500.00
15169,60,3000.00
15173,60,6000.00
15177,60,9750.00
15181,60,3000.00
15185,60,6750.00
15189,60,9000.00
15193,60,3000.00
15197,60,6750.00
15201,60,9000.00
15205,60,2250.00
15209,60,6750.00
15213,60,10500.00
15217,60,2250.00
15221,60,6750.00
15225,60,9750.00
15229,60,2250.00
15233,60,6750.00
15237,60,9750.00
15241,60,1500.00
15245,60,7500.00
15249,60,9750.00
15253,60,1500.00
15257,60,8250.00
15261,60,9000.00
15265,60,1500.00
15269,60,8250.00
15273,60,9750.00
15277,60,1500.00
15281,60,8250.00
15285,60,9750.00
15289,60,750.00
15293,60,9000.00
15297,60,10500.00
15301,60,0.00
15305,60,8250.00
15309,60,10500.00
15313,60,0.00
15317,60,9000.00
15321,60,9750.00
15325,60,0.00
15329,60,9000.00
15333,60,10500.00
15337,60,0.00
15341,60,9000.00
15345,60,9750.00
15349,60,0.00
15353,60,9750.00
15357,60,9750.00
15361,60,0.00
15365,60,9000.00
15369,60,9750.00
15373,60,0.00
15377,60,9000.00
15381,60,9750.00
15385,60,0.00
15389,60,9750.00
15393,60,9750.00
15397,60,0.00
15401,60,10500.00
15405,60,9000.00
15409,60,0.00
15413,60,10500.00
15417,60,9000.00
15421,60,0.00
15425,60,9750.00
15429,60,9000.00
15433,60,750.00
15437,60,9750.00
15441,60,8250.00
15445,60,750.00
15449,60,9750.00
15453,60,8250.00
15457,60,1500.00
15461,60,8250.00
15465,60,8250.00
15469,60,1500.00
15473,60,9750.00
15477,60,8250.00
15481,60,1500.00
15485,60,10500.00
15489,60,7500.00
15493,60,1500.00
15497,60,9750.00
15501,60,7500.00
15505,60,1500.00
15509,60,9750.00
15513,60,7500.00
15517,60,2250.00
15521,60,9750.00
15525,60,6750.00
15529,60,2250.00
15533,60,8250.00
15537,60,6750.00
15541,60,3000.00
15545,60,9750.00
15549,60,6750.00
15553,60,3000.00
15557,60,9000.00
15561,60,6000.00
15565,60,3000.00
15569,60,10500.00
15573,60,6000.00
15577,60,3750.00
15581,60,9750.00
15585,60,5250.00
15589,60,3750.00
15593,60,9750.00
15597,60,5250.00
15601,60,4500.00
15605,60,9750.00
15609,60,5250.00
15613,60,4500.00
15617,60,9750.00
15621,60,4500.00
15625,60,4500.00
15629,60,10500.00
15633,60,4500.00
15637,60,5250.00
15641,60,9750.00
15645,60,3750.00
15649,60,5250.00
15653,60,9750.00
15657,60,3750.00
15661,60,6000.00
15665,60,9750.00
15669,60,3000.00
15673,60,6000.00
15677,60,9750.00
15681,60,3000.00
15685,60,6750.00
15689,60,9750.00
15693,60,3000.00
15697,60,6750.00
15701,60,10500.00
15705,60,2250.00
15709,60,6750.00
15713,60,10500.00
15717,60,2250.00
15721,60,6750.00
15725,60,9000.00
15729,60,1500.00
15733,60,7500.00
15737,60,9750.00
15741,60,1500.00
15745,60,8250.00
15749,60,9000.00
15753,60,1500.00
15757,60,8250.00
15761,60,10500.00
15765,60,0.00
15769,60,8250.00
15773,60,10500.00
15777,60,0.00
15781,60,8250.00
15785,60,9750.00
15789,60,0.00
15793,60,9000.00
15797,60,9000.00
15801,60,0.00
15805,60,9750.00
15809,60,9000.00
15813,60,0.00
15817,60,9750.00
15821,60,9000.00
15825,60,750.00
15829,60,9750.00
15833,60,8250.00
15837,60,1500.00
15841,60,9000.00
15845,60,8250.00
15849,60,1500.00
15853,60,10500.00
15857,60,7500.00
15861,60,2250.00
15865,60,9750.00
15869,60,6750.00
15873,60,2250.00
15877,60,9750.00
15881,60,6750.00
15885,60,3000.00
15889,60,10500.00
15893,60,6000.00
15897,60,3000.00
15901,60,10500.00
15905,60,5250.00
15909,60,3750.00
15913,60,9000.00
15917,60,5250.00
15921,60,4500.00
15925,60,9000.00
15929,60,4500.00
15933,60,4500.00
15937,60,10500.00
15941,60,4500.00
15945,60,5250.00
15949,60,8250.00
15953,60,3750.00
15957,60,6000.00
15961,60,9750.00
15965,60,3000.00
15969,60,6000.00
15973,60,9750.00
15977,60,3000.00
15981,60,6750.00
15985,60,9750.00
15989,60,2250.00
15993,60,6750.00
15997,60,9000.00
16001,60,2250.00
16005,40,7500.00
16009,40,9750.00
16013,40,1500.00
16017,40,7500.00
16021,40,10500.00
16025,40,1500.00
16029,40,8250.00
16033,40,9000.00
16037,40,1500.00
16041,40,8250.00
16045,40,9750.00
16049,40,1500.00
16053,40,7500.00
16057,40,10500.00
16061,40,1500.00
16065,40,7500.00
16069,40,9750.00
16073,40,2250.00
16077,40,6750.00
16081,40,10500.00
16085,40,2250.00
16089,40,6750.00
16093,40,9000.00
16097,40,3000.00
16101,40,5250.00
16105,40,10500.00
16109,40,3750.00
16113,40,4500.00
16117,40,9750.00
16121,40,5250.00
16125,40,3000.00
16129,40,9750.00
16133,40,6000.00
16137,40,2250.00
16141,40,9750.00
16145,40,7500.00
16149,40,750.00
16153,40,9750.00
16157,40,9000.00
16161,40,0.00
16165,40,9000.00
16169,40,9000.00
16173,40,1500.00
16177,40,6750.00
16181,40,9750.00
16185,40,3000.00
16189,40,5250.00
16193,40,9000.00
16197,40,5250.00
16201,40,3000.00
16205,40,9750.00
16209,40,6750.00
16213,40,750.00
16217,40,9000.00
16221,40,9750.00
16225,40,0.00
16229,40,7500.00
16233,40,9750.00
16237,40,2250.00
16241,40,5250.00
16245,40,9000.00
16249,40,5250.00
16253,40,2250.00
16257,40,9750.00
16261,40,7500.00
16265,40,0.00
16269,40,9000.00
16273,40,9000.00
16277,40,1500.00
16281,40,6000.00
16285,40,9000.00
16289,40,4500.00
16293,40,4500.00
16297,40,9000.00
16301,40,7500.00
16305,40,2250.00
16309,40,9000.00
16313,40,9000.00
16317,40,1500.00
16321,40,5250.00
16325,40,9000.00
16329,40,5250.00
16333,40,3750.00
16337,40,9750.00
16341,40,8250.00
16345,40,0.00
16349,40,9750.00
16353,40,9000.00
16357,40,3000.00
16361,40,5250.00
16365,40,9750.00
16369,40,6750.00
16373,40,2250.00
16377,40,8250.00
16381,40,9750.00
16385,40,1500.00
16389,40,6000.00
16393,40,9000.00
16397,40,6000.00
16401,40,2250.00
16405,40,9000.00
16409,40,8250.00
16413,40,1500.00
16417,40,7500.00
16421,40,9000.00
16425,40,5250.00
16429,40,3000.00
16433,40,9000.00
16437,40,9000.00
16441,40,0.00
16445,40,7500.00
16449,40,9000.00
16453,40,4500.00
16457,40,3000.00
16461,40,9000.00
16465,40,9000.00
16469,40,0.00
16473,40,7500.00
16477,40,9000.00
16481,40,4500.00
16485,40,3750.00
16489,40,9000.00
16493,40,9000.00
16497,40,0.00
16501,40,7500.00
16505,40,8250.00
16509,40,5250.00
16513,40,3000.00
16517,40,8250.00
16521,40,8250.00
16525,40,1500.00
16529,40,6750.00
16533,40,8250.00
16537,40,6000.00
16541,40,1500.00
16545,40,9000.00
16549,40,9000.00
16553,40,1500.00
16557,40,6000.00
16561,40,8250.00
16565,40,6750.00
16569,40,1500.00
16573,40,8250.00
16577,40,8250.00
16581,40,3000.00
16585,40,4500.00
16589,40,8250.00
16593,40,8250.00
16597,40,0.00
16601,40,8250.00
16605,40,8250.00
16609,40,4500.00
16613,40,3000.00
16617,40,9000.00
16621,40,8250.00
16625,40,750.00
16629,40,6750.00
16633,40,8250.00
16637,40,6000.00
16641,40,1500.00
16645,40,8250.00
16649,40,9000.00
16653,40,2250.00
16657,40,5250.00
16661,40,9000.00
16665,40,7500.00
16669,40,0.00
16673,40,8250.00
16677,40,8250.00
16681,40,4500.00
16685,40,3000.00
16689,40,8250.00
16693,40,8250.00
16697,40,1500.00
16701,40,6000.00
16705,40,8250.00
16709,40,6750.00
16713,40,1500.00
16717,40,7500.00
16721,40,9000.00
16725,40,3000.00
16729,40,3750.00
16733,40,8250.00
16737,40,9000.00
16741,40,0.00
16745,40,7500.00
16749,40,8250.00
16753,40,6000.00
16757,40,2250.00
16761,40,8250.00
16765,40,8250.00
16769,40,3000.00
16773,40,4500.00
16777,40,8250.00
16781,40,8250.00
16785,40,0.00
16789,40,7500.00
16793,40,8250.00
16797,40,5250.00
16801,40,1500.00
16805,40,9000.00
16809,40,8250.00
16813,40,2250.00
16817,40,5250.00
16821,40,8250.00
16825,40,8250.00
16829,40,0.00
16833,40,7500.00
16837,40,8250.00
16841,40,5250.00
16845,40,2250.00
16849,40,9000.00
16853,40,8250.00
16857,40,2250.00
16861,40,4500.00
16865,40,8250.00
16869,40,8250.00
16873,40,0.00
16877,40,7500.00
16881,40,8250.00
16885,40,5250.00
16889,40,1500.00
16893,40,8250.00
16897,40,8250.00
16901,40,3000.00
16905,40,4500.00
16909,40,8250.00
16913,40,8250.00
16917,40,0.00
16921,40,7500.00
16925,40,8250.00
16929,40,6000.00
16933,40,1500.00
16937,40,7500.00
16941,40,9000.00
16945,40,3000.00
16949,40,3750.00
16953,40,8250.00
16957,40,7500.00
16961,40,1500.00
16965,40,6000.00
16969,40,8250.00
16973,40,6750.00
16977,40,0.00
16981,40,8250.00
16985,40,8250.00
16989,40,4500.00
16993,40,3750.00
16997,40,8250.00
17001,40,8250.00
17005,40,1500.00
17009,40,5250.00
17013,40,8250.00
17017,40,7500.00
17021,40,0.00
17025,40,7500.00
17029,40,8250.00
17033,40,5250.00
17037,40,1500.00
17041,40,8250.00
17045,40,8250.00
17049,40,3000.00
17053,40,3750.00
17057,40,8250.00
17061,40,9000.00
17065,40,0.00
17069,40,6750.00
17073,40,8250.00
17077,40,6750.00
17081,40,0.00
17085,40,8250.00
17089,40,8250.00
17093,40,4500.00
17097,40,3000.00
17101,40,7500.00
17105,40,8250.00
17109,40,2250.00
17113,40,4500.00
17117,40,8250.00
17121,40,8250.00
17125,40,0.00
17129,40,6750.00
17133,40,8250.00
17137,40,6000.00
17141,40,750.00
17145,40,8250.00
17149,40,8250.00
17153,40,3750.00
17157,40,3000.00
17161,40,8250.00
17165,40,7500.00
17169,40,2250.00
17173,40,4500.00
17177,40,8250.00
17181,40,8250.00
17185,40,0.00
17189,40,7500.00
17193,40,8250.00
17197,40,6000.00
17201,40,0.00
17205,40,8250.00
17209,40,8250.00
17213,40,4500.00
17217,40,2250.00
17221,40,8250.00
17225,40,8250.00
17229,40,2250.00
17233,40,4500.00
17237,40,7500.00
17241,40,8250.00
17245,40,750.00
17249,40,6000.00
17253,40,8250.00
17257,40,6750.00
17261,40,0.00
17265,40,7500.00
17269,40,8250.00
17273,40,5250.00
17277,40,1500.00
17281,40,8250.00
17285,40,7500.00
17289,40,3750.00
17293,40,3000.00
17297,40,8250.00
17301,40,8250.00
17305,40,1500.00
17309,40,4500.00
17313,40,8250.00
17317,40,8250.00
17321,40,0.00
17325,40,6000.00
17329,40,8250.00
17333,40,6750.00
17337,40,0.00
17341,40,7500.00
17345,40,8250.00
17349,40,5250.00
17353,40,1500.00
17357,40,8250.00
17361,40,7500.00
17365,40,3750.00
17369,40,3000.00
17373,40,8250.00
17377,40,7500.00
17381,40,2250.00
17385,40,4500.00
17389,40,8250.00
17393,40,8250.00
17397,40,0.00
17401,40,6000.00
17405,40,8250.00
17409,40,6750.00
17413,40,0.00
17417,40,7500.00
17421,40,8250.00
17425,40,5250.00
17429,40,750.00
17433,40,8250.00
17437,40,7500.00
17441,40,4500.00
17445,40,2250.00
17449,40,7500.00
17453,40,8250.00
17457,40,3000.00
17461,40,3750.00
17465,40,7500.00
17469,40,8250.00
17473,40,1500.00
17477,40,4500.00
17481,40,8250.00
17485,40,8250.00
17489,40,0.00
17493,40,6000.00
17497,40,8250.00
17501,40,6750.00
17505,40,0.00
17509,40,7500.00
17513,40,7500.00
17517,40,6000.00
17521,40,0.00
17525,40,8250.00
17529,40,8250.00
17533,40,4500.00
17537,40,1500.00
17541,40,8250.00
17545,40,7500.00
17549,40,3750.00
17553,40,3000.00
17557,40,7500.00
17561,40,8250.00
17565,40,2250.00
17569,40,3750.00
17573,40,8250.00
17577,40,7500.00
17581,40,1500.00
17585,40,4500.00
17589,40,8250.00
17593,40,8250.00
17597,40,0.00
17601,40,6000.00
17605,40,8250.00
17609,40,6750.00
17613,40,0.00
17617,40,6750.00
17621,40,8250.00
17625,40,6000.00
17629,40,0.00
17633,40,8250.00
17637,40,7500.00
17641,40,5250.00
17645,40,1500.00
17649,40,7500.00
17653,40,7500.00
17657,40,4500.00
17661,40,1500.00
17665,40,8250.00
17669,40,8250.00
17673,40,3000.00
17677,40,3000.00
17681,40,7500.00
17685,40,8250.00
17689,40,2250.00
17693,40,3750.00
17697,40,7500.00
17701,40,8250.00
17705,40,1500.00
17709,40,4500.00
17713,40,7500.00
17717,40,7500.00
17721,40,1500.00
17725,40,5250.00
17729,40,7500.00
17733,40,8250.00
17737,40,0.00
17741,40,6000.00
17745,40,7500.00
17749,40,7500.00
17753,40,0.00
17757,40,6750.00
17761,40,7500.00
17765,40,6750.00
17769,40,0.00
17773,40,6750.00
17777,40,8250.00
17781,40,6000.00
17785,40,0.00
17789,40,7500.00
17793,40,8250.00
17797,40,5250.00
17801,40,0.00
17805,40,8250.00
17809,40,8250.00
17813,40,4500.00
17817,40,1500.00
17821,40,7500.00
17825,40,7500.00
17829,40,4500.00
17833,40,1500.00
17837,40,8250.00
17841,40,7500.00
17845,40,3750.00
17849,40,2250.00
17853,40,7500.00
17857,40,8250.00
17861,40,3000.00
17865,40,3000.00
17869,40,7500.00
17873,40,7500.00
17877,40,3000.00
17881,40,3000.00
17885,40,7500.00
17889,40,7500.00
17893,40,3000.00
17897,40,3000.00
17901,40,8250.00
17905,40,7500.00
17909,40,2250.00
17913,40,3750.00
17917,40,7500.00
17921,40,8250.00
17925,40,1500.00
17929,40,3750.00
17933,40,8250.00
17937,40,7500.00
17941,40,1500.00
17945,40,4500.00
17949,40,7500.00
17953,40,7500.00
17957,40,1500.00
17961,40,4500.00
17965,40,8250.00
17969,40,7500.00
17973,40,750.00
17977,40,5250.00
17981,40,7500.00
17985,40,8250.00
17989,40,0.00
17993,40,5250.00
17997,40,8250.00
18001,40,7500.00
18005,20,0.00
18009,20,6000.00
18013,20,7500.00
18017,20,7500.00
18021,20,0.00
18025,20,5250.00
18029,20,7500.00
18033,20,6750.00
18037,20,1500.00
18041,20,3750.00
18045,20,7500.00
18049,20,6750.00
18053,20,3000.00
18057,20,1500.00
18061,20,7500.00
18065,20,6750.00
18069,20,5250.00
18073,20,0.00
18077,20,6750.00
18081,20,6750.00
18085,20,6750.00
18089,20,1500.00
18093,20,3000.00
18097,20,6750.00
18101,20,6750.00
18105,20,4500.00
18109,20,0.00
18113,20,5250.00
18117,20,6750.00
18121,20,6000.00
18125,20,3000.00
18129,20,0.00
18133,20,6750.00
18137,20,6750.00
18141,20,6000.00
18145,20,1500.00
18149,20,1500.00
18153,20,6000.00
18157,20,6000.00
18161,20,6000.00
18165,20,1500.00
18169,20,1500.00
18173,20,6000.00
18177,20,6000.00
18181,20,6000.00
18185,20,1500.00
18189,20,750.00
18193,20,6000.00
18197,20,6000.00
18201,20,5250.00
18205,20,3000.00
18209,20,0.00
18213,20,5250.00
18217,20,5250.00
18221,20,6000.00
18225,20,4500.00
18229,20,0.00
18233,20,3000.00
18237,20,5250.00
18241,20,6000.00
18245,20,5250.00
18249,20,1500.00
18253,20,0.00
18257,20,5250.00
18261,20,6000.00
18265,20,5250.00
18269,20,4500.00
18273,20,0.00
18277,20,1500.00
18281,20,5250.00
18285,20,6000.00
18289,20,5250.00
18293,20,3000.00
18297,20,0.00
18301,20,3000.00
18305,20,4500.00
18309,20,5250.00
18313,20,5250.00
18317,20,3000.00
18321,20,0.00
18325,20,3000.00
18329,20,4500.00
18333,20,5250.00
18337,20,5250.00
18341,20,3000.00
18345,20,0.00
18349,20,1500.00
18353,20,5250.00
18357,20,4500.00
18361,20,5250.00
18365,20,4500.00
18369,20,0.00
18373,20,0.00
18377,20,4500.00
18381,20,5250.00
18385,20,4500.00
18389,20,4500.00
18393,20,2250.00
18397,20,0.00
18401,20,2250.00
18405,20,4500.00
18409,20,4500.00
18413,20,4500.00
18417,20,5250.00
18421,20,0.00
18425,20,0.00
18429,20,3750.00
18433,20,4500.00
18437,20,4500.00
18441,20,3750.00
18445,20,4500.00
18449,20,0.00
18453,20,0.00
18457,20,3750.00
18461,20,4500.00
18465,20,4500.00
18469,20,3750.00
18473,20,4500.00
18477,20,0.00
18481,20,0.00
18485,20,3000.00
18489,20,4500.00
18493,20,4500.00
18497,20,3750.00
18501,20,3750.00
18505,20,1500.00
18509,20,0.00
18513,20,1500.00
18517,20,4500.00
18521,20,4500.00
18525,20,3750.00
18529,20,3750.00
18533,20,3000.00
18537,20,0.00
18541,20,0.00
18545,20,3750.00
18549,20,4500.00
18553,20,3750.00
18557,20,3750.00
18561,20,3750.00
18565,20,1500.00
18569,20,0.00
18573,20,1500.00
18577,20,3000.00
18581,20,4500.00
18585,20,3750.00
18589,20,3750.00
18593,20,4500.00
18597,20,0.00
18601,20,0.00
18605,20,1500.00
18609,20,3750.00
18613,20,3750.00
18617,20,3750.00
18621,20,3750.00
18625,20,4500.00
18629,20,0.00
18633,20,0.00
18637,20,1500.00
18641,20,3000.00
18645,20,3750.00
18649,20,3750.00
18653,20,3750.00
18657,20,3750.00
18661,20,1500.00
18665,20,0.00
18669,20,0.00
18673,20,3750.00
18677,20,3750.00
18681,20,3750.00
18685,20,3000.00
18689,20,3750.00
18693,20,3000.00
18697,20,0.00
18701,20,0.00
18705,20,1500.00
18709,20,3750.00
18713,20,3750.00
18717,20,3750.00
18721,20,3000.00
18725,20,3750.00
18729,20,1500.00
18733,20,0.00
18737,20,0.00
18741,20,3000.00
18745,20,3000.00
18749,20,3750.00
18753,20,3750.00
18757,20,3000.00
18761,20,3000.00
18765,20,1500.00
18769,20,0.00
18773,20,0.00
18777,20,3000.00
18781,20,3000.00
18785,20,3750.00
18789,20,3000.00
18793,20,3750.00
18797,20,3000.00
18801,20,2250.00
18805,20,0.00
18809,20,0.00
18813,20,2250.00
18817,20,3750.00
18821,20,3000.00
18825,20,3750.00
18829,20,3000.00
18833,20,3000.00
18837,20,2250.00
18841,20,0.00
18845,20,0.00
18849,20,1500.00
18853,20,3000.00
18857,20,3000.00
18861,20,3750.00
18865,20,3000.00
18869,20,3000.00
18873,20,4500.00
18877,20,0.00
18881,20,0.00
18885,20,0.00
18889,20,3000.00
18893,20,3000.00
18897,20,3000.00
18901,20,3750.00
18905,20,3000.00
18909,20,3000.00
18913,20,2250.00
18917,20,0.00
18921,20,0.00
18925,20,750.00
18929,20,3000.00
18933,20,3000.00
18937,20,3000.00
18941,20,3000.00
18945,20,3750.00
18949,20,3000.00
18953,20,1500.00
18957,20,0.00
18961,20,0.00
18965,20,1500.00
18969,20,3000.00
18973,20,3000.00
18977,20,3000.00
18981,20,3000.00
18985,20,3000.00
18989,20,3000.00
18993,20,1500.00
18997,20,0.00
19001,20,0.00
19005,20,1500.00
19009,20,2250.00
19013,20,3000.00
19017,20,3000.00
19021,20,3000.00
19025,20,3000.00
19029,20,3000.00
19033,20,3000.00
19037,20,0.00
19041,20,0.00
19045,20,0.00
19049,20,3000.00
19053,20,3000.00
19057,20,3000.00
19061,20,3000.00
19065,20,3000.00
19069,20,3000.00
19073,20,3000.00
19077,20,0.00
19081,20,0.00
19085,20,0.00
19089,20,1500.00
19093,20,3000.00
19097,20,3000.00
19101,20,3000.00
19105,20,3000.00
19109,20,3000.00
19113,20,2250.00
19117,20,3000.00
19121,20,0.00
19125,20,0.00
19129,20,0.00
19133,20,3000.00
19137,20,3000.00
19141,20,2250.00
19145,20,3000.00
19149,20,3000.00
19153,20,3000.00
19157,20,2250.00
19161,20,1500.00
19165,20,0.00
19169,20,0.00
19173,20,0.00
19177,20,3000.00
19181,20,3000.00
19185,20,3000.00
19189,20,3000.00
19193,20,2250.00
19197,20,3000.00
19201,20,2250.00
19205,20,2250.00
19209,20,0.00
19213,20,0.00
19217,20,750.00
19221,20,2250.00
19225,20,3000.00
19229,20,3000.00
19233,20,3000.00
19237,20,2250.00
19241,20,3000.00
19245,20,2250.00
19249,20,2250.00
19253,20,0.00
19257,20,0.00
19261,20,0.00
19265,20,3000.00
19269,20,3000.00
19273,20,3000.00
19277,20,2250.00
19281,20,3000.00
19285,20,3000.00
19289,20,2250.00
19293,20,3000.00
19297,20,0.00
19301,20,0.00
19305,20,0.00
19309,20,3000.00
19313,20,2250.00
19317,20,3000.00
19321,20,2250.00
19325,20,3000.00
19329,20,3000.00
19333,20,2250.00
19337,20,2250.00
19341,20,0.00
19345,20,0.00
19349,20,0.00
19353,20,1500.00
19357,20,3000.00
19361,20,2250.00
19365,20,3000.00
19369,20,3000.00
19373,20,2250.00
19377,20,3000.00
19381,20,3750.00
19385,20,0.00
19389,20,0.00
19393,20,0.00
19397,20,750.00
19401,20,2250.00
19405,20,3000.00
19409,20,2250.00
19413,20,3000.00
19417,20,3000.00
19421,20,2250.00
19425,20,3000.00
19429,20,1500.00
19433,20,0.00
19437,20,0.00
19441,20,0.00
19445,20,1500.00
19449,20,3000.00
19453,20,2250.00
19457,20,3000.00
19461,20,2250.00
19465,20,3000.00
19469,20,2250.00
19473,20,2250.00
19477,20,2250.00
19481,20,0.00
19485,20,0.00
19489,20,0.00
19493,20,3000.00
19497,20,2250.00
19501,20,3000.00
19505,20,2250.00
19509,20,3000.00
19513,20,2250.00
19517,20,2250.00
19521,20,3000.00
19525,20,0.00
19529,20,0.00
19533,20,0.00
19537,20,1500.00
19541,20,2250.00
19545,20,2250.00
19549,20,3000.00
19553,20,2250.00
19557,20,3000.00
19561,20,2250.00
19565,20,3000.00
19569,20,2250.00
19573,20,0.00
19577,20,0.00
19581,20,0.00
19585,20,1500.00
19589,20,3000.00
19593,20,2250.00
19597,20,3000.00
19601,20,2250.00
19605,20,3000.00
19609,20,2250.00
19613,20,2250.00
19617,20,1500.00
19621,20,0.00
19625,20,0.00
19629,20,0.00
19633,20,2250.00
19637,20,2250.00
19641,20,3000.00
19645,20,2250.00
19649,20,3000.00
19653,20,2250.00
19657,20,3000.00
19661,20,2250.00
19665,20,1500.00
19669,20,0.00
19673,20,0.00
19677,20,0.00
19681,20,3000.00
19685,20,2250.00
19689,20,2250.00
19693,20,3000.00
19697,20,2250.00
19701,20,3000.00
19705,20,2250.00
19709,20,3000.00
19713,20,0.00
19717,20,0.00
19721,20,0.00
19725,20,0.00
19729,20,3000.00
19733,20,2250.00
19737,20,3000.00
19741,20,2250.00
19745,20,3000.00
19749,20,2250.00
19753,20,2250.00
19757,20,3750.00
19761,20,0.00
19765,20,0.00
19769,20,0.00
19773,20,0.00
19777,20,3000.00
19781,20,3000.00
19785,20,2250.00
19789,20,2250.00
19793,20,3000.00
19797,20,2250.00
19801,20,2250.00
19805,20,4500.00
19809,20,0.00
19813,20,0.00
19817,20,0.00
19821,20,750.00
19825,20,2250.00
19829,20,3000.00
19833,20,2250.00
19837,20,2250.00
19841,20,3000.00
19845,20,2250.00
19849,20,2250.00
19853,20,3750.00
19857,20,0.00
19861,20,0.00
19865,20,0.00
19869,20,750.00
19873,20,2250.00
19877,20,3000.00
19881,20,2250.00
19885,20,2250.00
19889,20,3000.00
19893,20,2250.00
19897,20,2250.00
19901,20,3000.00
19905,20,0.00
19909,20,0.00
19913,20,0.00
19917,20,750.00
19921,20,2250.00
19925,20,3000.00
19929,20,2250.00
19933,20,3000.00
19937,20,2250.00
19941,20,2250.00
19945,20,3000.00
19949,20,2250.00
19953,20,0.00
19957,20,0.00
19961,20,0.00
19965,20,750.00
19969,20,2250.00
19973,20,3000.00
19977,20,2250.00
19981,20,3000.00
19985,20,2250.00
19989,20,3000.00
19993,20,2250.00
19997,20,3000.00
